26353664 260243510
26353665 243466294
26353666 226689078
26353667 209911862
26353680 193200182
26353681 176422966
26353682 159645750
26353683 142868534
26353696 528744502
26353697 511967286
26353698 495190070
26353699 478412854
26353712 260309046
26353713 243531830
26353714 226754614
26353715 209977398
26353728 528678966
26353729 511901750
26353730 495124534
26353731 478347318
26353744 193134646
26353745 176357430
26353746 159580214
26353747 142802998
26353760 461570102
26353761 444792886
26353762 428015670
26353763 411238454
26353776 126091318
26353777 109314102
26353778 92536886
26353779 75759670
26353792 125894710
26353793 109117494
26353794 92340278
26353795 75563062
26353808 394330166
26353809 377552950
26353810 360775734
26353811 343998518
26353824 58785846
26353825 42008630
26353826 25231414
26353827 8454198
26353840 394395702
26353841 377618486
26353842 360841270
26353843 344064054
26353856 125960246
26353857 109183030
26353858 92405814
26353859 75628598
26353872 461504566
26353873 444727350
26353874 427950134
26353875 411172918
26353888 193069110
26353889 176291894
26353890 159514678
26353891 142737462
26353904 528613430
26353905 511836214
26353906 495058998
26353907 478281782
26353920 125829174
26353921 109051958
26353922 92274742
26353923 75497526
26353936 394264630
26353937 377487414
26353938 360710198
26353939 343932982
26353952 58720310
26353953 41943094
26353954 25165878
26353955 8388662
26353968 260112438
26353969 243335222
26353970 226558006
26353971 209780790
26353984 193003574
26353985 176226358
26353986 159449142
26353987 142671926
26354000 461439030
26354001 444661814
26354002 427884598
26354003 411107382
26354016 126025782
26354017 109248566
26354018 92471350
26354019 75694134
26354032 58916918
26354033 42139702
26354034 25362486
26354035 8585270
26354048 58982454
26354049 42205238
26354050 25428022
26354051 8650806
26354064 461635638
26354065 444858422
26354066 428081206
26354067 411303990
26354080 327155766
26354081 310378550
26354082 293601334
26354083 276824118
26354096 528482358
26354097 511705142
26354098 494927926
26354099 478150710
26354112 192938038
26354113 176160822
26354114 159383606
26354115 142606390
26354128 461373494
26354129 444596278
26354130 427819062
26354131 411041846
26354144 327352374
26354145 310575158
26354146 293797942
26354147 277020726
26354160 327417910
26354161 310640694
26354162 293863478
26354163 277086262
26354176 394461238
26354177 377684022
26354178 360906806
26354179 344129590
26354192 394526774
26354193 377749558
26354194 360972342
26354195 344195126
26354208 260046902
26354209 243269686
26354210 226492470
26354211 209715254
26354224 327221302
26354225 310444086
26354226 293666870
26354227 276889654
26354240 528547894
26354241 511770678
26354242 494993462
26354243 478216246
26354256 58851382
26354257 42074166
26354258 25296950
26354259 8519734
26354272 327286838
26354273 310509622
26354274 293732406
26354275 276955190
26354288 260177974
26354289 243400758
26354290 226623542
26354291 209846326
26354304 268632118
26354305 285409334
26354306 302186550
26354307 318963766
26354320 335806518
26354321 352583734
26354322 369360950
26354323 386138166
26354336 262198
26354337 17039414
26354338 33816630
26354339 50593846
26354352 268697654
26354353 285474870
26354354 302252086
26354355 319029302
26354368 196662
26354369 16973878
26354370 33751094
26354371 50528310
26354384 335740982
26354385 352518198
26354386 369295414
26354387 386072630
26354400 67305526
26354401 84082742
26354402 100859958
26354403 117637174
26354416 402915382
26354417 419692598
26354418 436469814
26354419 453247030
26354432 402718774
26354433 419495990
26354434 436273206
26354435 453050422
26354448 134283318
26354449 151060534
26354450 167837750
26354451 184614966
26354464 469827638
26354465 486604854
26354466 503382070
26354467 520159286
26354480 134348854
26354481 151126070
26354482 167903286
26354483 184680502
26354496 402784310
26354497 419561526
26354498 436338742
26354499 453115958
26354512 67239990
26354513 84017206
26354514 100794422
26354515 117571638
26354528 335675446
26354529 352452662
26354530 369229878
26354531 386007094
26354544 131126
26354545 16908342
26354546 33685558
26354547 50462774
26354560 402653238
26354561 419430454
26354562 436207670
26354563 452984886
26354576 134217782
26354577 150994998
26354578 167772214
26354579 184549430
26354592 469762102
26354593 486539318
26354594 503316534
26354595 520093750
26354608 268501046
26354609 285278262
26354610 302055478
26354611 318832694
26354624 335609910
26354625 352387126
26354626 369164342
26354627 385941558
26354640 67174454
26354641 83951670
26354642 100728886
26354643 117506102
26354656 402849846
26354657 419627062
26354658 436404278
26354659 453181494
26354672 469958710
26354673 486735926
26354674 503513142
26354675 520290358
26354688 470024246
26354689 486801462
26354690 503578678
26354691 520355894
26354704 67371062
26354705 84148278
26354706 100925494
26354707 117702710
26354720 201326646
26354721 218103862
26354722 234881078
26354723 251658294
26354736 54
26354737 16777270
26354738 33554486
26354739 50331702
26354752 335544374
26354753 352321590
26354754 369098806
26354755 385876022
26354768 67108918
26354769 83886134
26354770 100663350
26354771 117440566
26354784 201523254
26354785 218300470
26354786 235077686
26354787 251854902
26354800 201588790
26354801 218366006
26354802 235143222
26354803 251920438
26354816 134414390
26354817 151191606
26354818 167968822
26354819 184746038
26354832 134479926
26354833 151257142
26354834 168034358
26354835 184811574
26354848 268435510
26354849 285212726
26354850 301989942
26354851 318767158
26354864 201392182
26354865 218169398
26354866 234946614
26354867 251723830
26354880 65590
26354881 16842806
26354882 33620022
26354883 50397238
26354896 469893174
26354897 486670390
26354898 503447606
26354899 520224822
26354912 201457718
26354913 218234934
26354914 235012150
26354915 251789366
26354928 268566582
26354929 285343798
26354930 302121014
26354931 318898230
26354944 260243526
26354945 243466310
26354946 226689094
26354947 209911878
26354960 193200198
26354961 176422982
26354962 159645766
26354963 142868550
26354976 528744518
26354977 511967302
26354978 495190086
26354979 478412870
26354992 260309062
26354993 243531846
26354994 226754630
26354995 209977414
26355008 528678982
26355009 511901766
26355010 495124550
26355011 478347334
26355024 193134662
26355025 176357446
26355026 159580230
26355027 142803014
26355040 461570118
26355041 444792902
26355042 428015686
26355043 411238470
26355056 126091334
26355057 109314118
26355058 92536902
26355059 75759686
26355072 125894726
26355073 109117510
26355074 92340294
26355075 75563078
26355088 394330182
26355089 377552966
26355090 360775750
26355091 343998534
26355104 58785862
26355105 42008646
26355106 25231430
26355107 8454214
26355120 394395718
26355121 377618502
26355122 360841286
26355123 344064070
26355136 125960262
26355137 109183046
26355138 92405830
26355139 75628614
26355152 461504582
26355153 444727366
26355154 427950150
26355155 411172934
26355168 193069126
26355169 176291910
26355170 159514694
26355171 142737478
26355184 528613446
26355185 511836230
26355186 495059014
26355187 478281798
26355200 125829190
26355201 109051974
26355202 92274758
26355203 75497542
26355216 394264646
26355217 377487430
26355218 360710214
26355219 343932998
26355232 58720326
26355233 41943110
26355234 25165894
26355235 8388678
26355248 260112454
26355249 243335238
26355250 226558022
26355251 209780806
26355264 193003590
26355265 176226374
26355266 159449158
26355267 142671942
26355280 461439046
26355281 444661830
26355282 427884614
26355283 411107398
26355296 126025798
26355297 109248582
26355298 92471366
26355299 75694150
26355312 58916934
26355313 42139718
26355314 25362502
26355315 8585286
26355328 58982470
26355329 42205254
26355330 25428038
26355331 8650822
26355344 461635654
26355345 444858438
26355346 428081222
26355347 411304006
26355360 327155782
26355361 310378566
26355362 293601350
26355363 276824134
26355376 528482374
26355377 511705158
26355378 494927942
26355379 478150726
26355392 192938054
26355393 176160838
26355394 159383622
26355395 142606406
26355408 461373510
26355409 444596294
26355410 427819078
26355411 411041862
26355424 327352390
26355425 310575174
26355426 293797958
26355427 277020742
26355440 327417926
26355441 310640710
26355442 293863494
26355443 277086278
26355456 394461254
26355457 377684038
26355458 360906822
26355459 344129606
26355472 394526790
26355473 377749574
26355474 360972358
26355475 344195142
26355488 260046918
26355489 243269702
26355490 226492486
26355491 209715270
26355504 327221318
26355505 310444102
26355506 293666886
26355507 276889670
26355520 528547910
26355521 511770694
26355522 494993478
26355523 478216262
26355536 58851398
26355537 42074182
26355538 25296966
26355539 8519750
26355552 327286854
26355553 310509638
26355554 293732422
26355555 276955206
26355568 260177990
26355569 243400774
26355570 226623558
26355571 209846342
26355584 268632134
26355585 285409350
26355586 302186566
26355587 318963782
26355600 335806534
26355601 352583750
26355602 369360966
26355603 386138182
26355616 262214
26355617 17039430
26355618 33816646
26355619 50593862
26355632 268697670
26355633 285474886
26355634 302252102
26355635 319029318
26355648 196678
26355649 16973894
26355650 33751110
26355651 50528326
26355664 335740998
26355665 352518214
26355666 369295430
26355667 386072646
26355680 67305542
26355681 84082758
26355682 100859974
26355683 117637190
26355696 402915398
26355697 419692614
26355698 436469830
26355699 453247046
26355712 402718790
26355713 419496006
26355714 436273222
26355715 453050438
26355728 134283334
26355729 151060550
26355730 167837766
26355731 184614982
26355744 469827654
26355745 486604870
26355746 503382086
26355747 520159302
26355760 134348870
26355761 151126086
26355762 167903302
26355763 184680518
26355776 402784326
26355777 419561542
26355778 436338758
26355779 453115974
26355792 67240006
26355793 84017222
26355794 100794438
26355795 117571654
26355808 335675462
26355809 352452678
26355810 369229894
26355811 386007110
26355824 131142
26355825 16908358
26355826 33685574
26355827 50462790
26355840 402653254
26355841 419430470
26355842 436207686
26355843 452984902
26355856 134217798
26355857 150995014
26355858 167772230
26355859 184549446
26355872 469762118
26355873 486539334
26355874 503316550
26355875 520093766
26355888 268501062
26355889 285278278
26355890 302055494
26355891 318832710
26355904 335609926
26355905 352387142
26355906 369164358
26355907 385941574
26355920 67174470
26355921 83951686
26355922 100728902
26355923 117506118
26355936 402849862
26355937 419627078
26355938 436404294
26355939 453181510
26355952 469958726
26355953 486735942
26355954 503513158
26355955 520290374
26355968 470024262
26355969 486801478
26355970 503578694
26355971 520355910
26355984 67371078
26355985 84148294
26355986 100925510
26355987 117702726
26356000 201326662
26356001 218103878
26356002 234881094
26356003 251658310
26356016 70
26356017 16777286
26356018 33554502
26356019 50331718
26356032 335544390
26356033 352321606
26356034 369098822
26356035 385876038
26356048 67108934
26356049 83886150
26356050 100663366
26356051 117440582
26356064 201523270
26356065 218300486
26356066 235077702
26356067 251854918
26356080 201588806
26356081 218366022
26356082 235143238
26356083 251920454
26356096 134414406
26356097 151191622
26356098 167968838
26356099 184746054
26356112 134479942
26356113 151257158
26356114 168034374
26356115 184811590
26356128 268435526
26356129 285212742
26356130 301989958
26356131 318767174
26356144 201392198
26356145 218169414
26356146 234946630
26356147 251723846
26356160 65606
26356161 16842822
26356162 33620038
26356163 50397254
26356176 469893190
26356177 486670406
26356178 503447622
26356179 520224838
26356192 201457734
26356193 218234950
26356194 235012166
26356195 251789382
26356208 268566598
26356209 285343814
26356210 302121030
26356211 318898246
26513408 260243462
26513409 243466246
26513410 226689030
26513411 209911814
26513424 193200134
26513425 176422918
26513426 159645702
26513427 142868486
26513440 528744454
26513441 511967238
26513442 495190022
26513443 478412806
26513456 260308998
26513457 243531782
26513458 226754566
26513459 209977350
26513472 528678918
26513473 511901702
26513474 495124486
26513475 478347270
26513488 193134598
26513489 176357382
26513490 159580166
26513491 142802950
26513504 461570054
26513505 444792838
26513506 428015622
26513507 411238406
26513520 126091270
26513521 109314054
26513522 92536838
26513523 75759622
26513536 125894662
26513537 109117446
26513538 92340230
26513539 75563014
26513552 394330118
26513553 377552902
26513554 360775686
26513555 343998470
26513568 58785798
26513569 42008582
26513570 25231366
26513571 8454150
26513584 394395654
26513585 377618438
26513586 360841222
26513587 344064006
26513600 125960198
26513601 109182982
26513602 92405766
26513603 75628550
26513616 461504518
26513617 444727302
26513618 427950086
26513619 411172870
26513632 193069062
26513633 176291846
26513634 159514630
26513635 142737414
26513648 528613382
26513649 511836166
26513650 495058950
26513651 478281734
26513664 125829126
26513665 109051910
26513666 92274694
26513667 75497478
26513680 394264582
26513681 377487366
26513682 360710150
26513683 343932934
26513696 58720262
26513697 41943046
26513698 25165830
26513699 8388614
26513712 260112390
26513713 243335174
26513714 226557958
26513715 209780742
26513728 193003526
26513729 176226310
26513730 159449094
26513731 142671878
26513744 461438982
26513745 444661766
26513746 427884550
26513747 411107334
26513760 126025734
26513761 109248518
26513762 92471302
26513763 75694086
26513776 58916870
26513777 42139654
26513778 25362438
26513779 8585222
26513792 58982406
26513793 42205190
26513794 25427974
26513795 8650758
26513808 461635590
26513809 444858374
26513810 428081158
26513811 411303942
26513824 327155718
26513825 310378502
26513826 293601286
26513827 276824070
26513840 528482310
26513841 511705094
26513842 494927878
26513843 478150662
26513856 192937990
26513857 176160774
26513858 159383558
26513859 142606342
26513872 461373446
26513873 444596230
26513874 427819014
26513875 411041798
26513888 327352326
26513889 310575110
26513890 293797894
26513891 277020678
26513904 327417862
26513905 310640646
26513906 293863430
26513907 277086214
26513920 394461190
26513921 377683974
26513922 360906758
26513923 344129542
26513936 394526726
26513937 377749510
26513938 360972294
26513939 344195078
26513952 260046854
26513953 243269638
26513954 226492422
26513955 209715206
26513968 327221254
26513969 310444038
26513970 293666822
26513971 276889606
26513984 528547846
26513985 511770630
26513986 494993414
26513987 478216198
26514000 58851334
26514001 42074118
26514002 25296902
26514003 8519686
26514016 327286790
26514017 310509574
26514018 293732358
26514019 276955142
26514032 260177926
26514033 243400710
26514034 226623494
26514035 209846278
26514048 268632070
26514049 285409286
26514050 302186502
26514051 318963718
26514064 335806470
26514065 352583686
26514066 369360902
26514067 386138118
26514080 262150
26514081 17039366
26514082 33816582
26514083 50593798
26514096 268697606
26514097 285474822
26514098 302252038
26514099 319029254
26514112 196614
26514113 16973830
26514114 33751046
26514115 50528262
26514128 335740934
26514129 352518150
26514130 369295366
26514131 386072582
26514144 67305478
26514145 84082694
26514146 100859910
26514147 117637126
26514160 402915334
26514161 419692550
26514162 436469766
26514163 453246982
26514176 402718726
26514177 419495942
26514178 436273158
26514179 453050374
26514192 134283270
26514193 151060486
26514194 167837702
26514195 184614918
26514208 469827590
26514209 486604806
26514210 503382022
26514211 520159238
26514224 134348806
26514225 151126022
26514226 167903238
26514227 184680454
26514240 402784262
26514241 419561478
26514242 436338694
26514243 453115910
26514256 67239942
26514257 84017158
26514258 100794374
26514259 117571590
26514272 335675398
26514273 352452614
26514274 369229830
26514275 386007046
26514288 131078
26514289 16908294
26514290 33685510
26514291 50462726
26514304 402653190
26514305 419430406
26514306 436207622
26514307 452984838
26514320 134217734
26514321 150994950
26514322 167772166
26514323 184549382
26514336 469762054
26514337 486539270
26514338 503316486
26514339 520093702
26514352 268500998
26514353 285278214
26514354 302055430
26514355 318832646
26514368 335609862
26514369 352387078
26514370 369164294
26514371 385941510
26514384 67174406
26514385 83951622
26514386 100728838
26514387 117506054
26514400 402849798
26514401 419627014
26514402 436404230
26514403 453181446
26514416 469958662
26514417 486735878
26514418 503513094
26514419 520290310
26514432 470024198
26514433 486801414
26514434 503578630
26514435 520355846
26514448 67371014
26514449 84148230
26514450 100925446
26514451 117702662
26514464 201326598
26514465 218103814
26514466 234881030
26514467 251658246
26514480 6
26514481 16777222
26514482 33554438
26514483 50331654
26514496 335544326
26514497 352321542
26514498 369098758
26514499 385875974
26514512 67108870
26514513 83886086
26514514 100663302
26514515 117440518
26514528 201523206
26514529 218300422
26514530 235077638
26514531 251854854
26514544 201588742
26514545 218365958
26514546 235143174
26514547 251920390
26514560 134414342
26514561 151191558
26514562 167968774
26514563 184745990
26514576 134479878
26514577 151257094
26514578 168034310
26514579 184811526
26514592 268435462
26514593 285212678
26514594 301989894
26514595 318767110
26514608 201392134
26514609 218169350
26514610 234946566
26514611 251723782
26514624 65542
26514625 16842758
26514626 33619974
26514627 50397190
26514640 469893126
26514641 486670342
26514642 503447558
26514643 520224774
26514656 201457670
26514657 218234886
26514658 235012102
26514659 251789318
26514672 268566534
26514673 285343750
26514674 302120966
26514675 318898182
26514688 260243478
26514689 243466262
26514690 226689046
26514691 209911830
26514704 193200150
26514705 176422934
26514706 159645718
26514707 142868502
26514720 528744470
26514721 511967254
26514722 495190038
26514723 478412822
26514736 260309014
26514737 243531798
26514738 226754582
26514739 209977366
26514752 528678934
26514753 511901718
26514754 495124502
26514755 478347286
26514768 193134614
26514769 176357398
26514770 159580182
26514771 142802966
26514784 461570070
26514785 444792854
26514786 428015638
26514787 411238422
26514800 126091286
26514801 109314070
26514802 92536854
26514803 75759638
26514816 125894678
26514817 109117462
26514818 92340246
26514819 75563030
26514832 394330134
26514833 377552918
26514834 360775702
26514835 343998486
26514848 58785814
26514849 42008598
26514850 25231382
26514851 8454166
26514864 394395670
26514865 377618454
26514866 360841238
26514867 344064022
26514880 125960214
26514881 109182998
26514882 92405782
26514883 75628566
26514896 461504534
26514897 444727318
26514898 427950102
26514899 411172886
26514912 193069078
26514913 176291862
26514914 159514646
26514915 142737430
26514928 528613398
26514929 511836182
26514930 495058966
26514931 478281750
26514944 125829142
26514945 109051926
26514946 92274710
26514947 75497494
26514960 394264598
26514961 377487382
26514962 360710166
26514963 343932950
26514976 58720278
26514977 41943062
26514978 25165846
26514979 8388630
26514992 260112406
26514993 243335190
26514994 226557974
26514995 209780758
26515008 193003542
26515009 176226326
26515010 159449110
26515011 142671894
26515024 461438998
26515025 444661782
26515026 427884566
26515027 411107350
26515040 126025750
26515041 109248534
26515042 92471318
26515043 75694102
26515056 58916886
26515057 42139670
26515058 25362454
26515059 8585238
26515072 58982422
26515073 42205206
26515074 25427990
26515075 8650774
26515088 461635606
26515089 444858390
26515090 428081174
26515091 411303958
26515104 327155734
26515105 310378518
26515106 293601302
26515107 276824086
26515120 528482326
26515121 511705110
26515122 494927894
26515123 478150678
26515136 192938006
26515137 176160790
26515138 159383574
26515139 142606358
26515152 461373462
26515153 444596246
26515154 427819030
26515155 411041814
26515168 327352342
26515169 310575126
26515170 293797910
26515171 277020694
26515184 327417878
26515185 310640662
26515186 293863446
26515187 277086230
26515200 394461206
26515201 377683990
26515202 360906774
26515203 344129558
26515216 394526742
26515217 377749526
26515218 360972310
26515219 344195094
26515232 260046870
26515233 243269654
26515234 226492438
26515235 209715222
26515248 327221270
26515249 310444054
26515250 293666838
26515251 276889622
26515264 528547862
26515265 511770646
26515266 494993430
26515267 478216214
26515280 58851350
26515281 42074134
26515282 25296918
26515283 8519702
26515296 327286806
26515297 310509590
26515298 293732374
26515299 276955158
26515312 260177942
26515313 243400726
26515314 226623510
26515315 209846294
26515328 268632086
26515329 285409302
26515330 302186518
26515331 318963734
26515344 335806486
26515345 352583702
26515346 369360918
26515347 386138134
26515360 262166
26515361 17039382
26515362 33816598
26515363 50593814
26515376 268697622
26515377 285474838
26515378 302252054
26515379 319029270
26515392 196630
26515393 16973846
26515394 33751062
26515395 50528278
26515408 335740950
26515409 352518166
26515410 369295382
26515411 386072598
26515424 67305494
26515425 84082710
26515426 100859926
26515427 117637142
26515440 402915350
26515441 419692566
26515442 436469782
26515443 453246998
26515456 402718742
26515457 419495958
26515458 436273174
26515459 453050390
26515472 134283286
26515473 151060502
26515474 167837718
26515475 184614934
26515488 469827606
26515489 486604822
26515490 503382038
26515491 520159254
26515504 134348822
26515505 151126038
26515506 167903254
26515507 184680470
26515520 402784278
26515521 419561494
26515522 436338710
26515523 453115926
26515536 67239958
26515537 84017174
26515538 100794390
26515539 117571606
26515552 335675414
26515553 352452630
26515554 369229846
26515555 386007062
26515568 131094
26515569 16908310
26515570 33685526
26515571 50462742
26515584 402653206
26515585 419430422
26515586 436207638
26515587 452984854
26515600 134217750
26515601 150994966
26515602 167772182
26515603 184549398
26515616 469762070
26515617 486539286
26515618 503316502
26515619 520093718
26515632 268501014
26515633 285278230
26515634 302055446
26515635 318832662
26515648 335609878
26515649 352387094
26515650 369164310
26515651 385941526
26515664 67174422
26515665 83951638
26515666 100728854
26515667 117506070
26515680 402849814
26515681 419627030
26515682 436404246
26515683 453181462
26515696 469958678
26515697 486735894
26515698 503513110
26515699 520290326
26515712 470024214
26515713 486801430
26515714 503578646
26515715 520355862
26515728 67371030
26515729 84148246
26515730 100925462
26515731 117702678
26515744 201326614
26515745 218103830
26515746 234881046
26515747 251658262
26515760 22
26515761 16777238
26515762 33554454
26515763 50331670
26515776 335544342
26515777 352321558
26515778 369098774
26515779 385875990
26515792 67108886
26515793 83886102
26515794 100663318
26515795 117440534
26515808 201523222
26515809 218300438
26515810 235077654
26515811 251854870
26515824 201588758
26515825 218365974
26515826 235143190
26515827 251920406
26515840 134414358
26515841 151191574
26515842 167968790
26515843 184746006
26515856 134479894
26515857 151257110
26515858 168034326
26515859 184811542
26515872 268435478
26515873 285212694
26515874 301989910
26515875 318767126
26515888 201392150
26515889 218169366
26515890 234946582
26515891 251723798
26515904 65558
26515905 16842774
26515906 33619990
26515907 50397206
26515920 469893142
26515921 486670358
26515922 503447574
26515923 520224790
26515936 201457686
26515937 218234902
26515938 235012118
26515939 251789334
26515952 268566550
26515953 285343766
26515954 302120982
26515955 318898198
26515968 260243494
26515969 243466278
26515970 226689062
26515971 209911846
26515984 193200166
26515985 176422950
26515986 159645734
26515987 142868518
26516000 528744486
26516001 511967270
26516002 495190054
26516003 478412838
26516016 260309030
26516017 243531814
26516018 226754598
26516019 209977382
26516032 528678950
26516033 511901734
26516034 495124518
26516035 478347302
26516048 193134630
26516049 176357414
26516050 159580198
26516051 142802982
26516064 461570086
26516065 444792870
26516066 428015654
26516067 411238438
26516080 126091302
26516081 109314086
26516082 92536870
26516083 75759654
26516096 125894694
26516097 109117478
26516098 92340262
26516099 75563046
26516112 394330150
26516113 377552934
26516114 360775718
26516115 343998502
26516128 58785830
26516129 42008614
26516130 25231398
26516131 8454182
26516144 394395686
26516145 377618470
26516146 360841254
26516147 344064038
26516160 125960230
26516161 109183014
26516162 92405798
26516163 75628582
26516176 461504550
26516177 444727334
26516178 427950118
26516179 411172902
26516192 193069094
26516193 176291878
26516194 159514662
26516195 142737446
26516208 528613414
26516209 511836198
26516210 495058982
26516211 478281766
26516224 125829158
26516225 109051942
26516226 92274726
26516227 75497510
26516240 394264614
26516241 377487398
26516242 360710182
26516243 343932966
26516256 58720294
26516257 41943078
26516258 25165862
26516259 8388646
26516272 260112422
26516273 243335206
26516274 226557990
26516275 209780774
26516288 193003558
26516289 176226342
26516290 159449126
26516291 142671910
26516304 461439014
26516305 444661798
26516306 427884582
26516307 411107366
26516320 126025766
26516321 109248550
26516322 92471334
26516323 75694118
26516336 58916902
26516337 42139686
26516338 25362470
26516339 8585254
26516352 58982438
26516353 42205222
26516354 25428006
26516355 8650790
26516368 461635622
26516369 444858406
26516370 428081190
26516371 411303974
26516384 327155750
26516385 310378534
26516386 293601318
26516387 276824102
26516400 528482342
26516401 511705126
26516402 494927910
26516403 478150694
26516416 192938022
26516417 176160806
26516418 159383590
26516419 142606374
26516432 461373478
26516433 444596262
26516434 427819046
26516435 411041830
26516448 327352358
26516449 310575142
26516450 293797926
26516451 277020710
26516464 327417894
26516465 310640678
26516466 293863462
26516467 277086246
26516480 394461222
26516481 377684006
26516482 360906790
26516483 344129574
26516496 394526758
26516497 377749542
26516498 360972326
26516499 344195110
26516512 260046886
26516513 243269670
26516514 226492454
26516515 209715238
26516528 327221286
26516529 310444070
26516530 293666854
26516531 276889638
26516544 528547878
26516545 511770662
26516546 494993446
26516547 478216230
26516560 58851366
26516561 42074150
26516562 25296934
26516563 8519718
26516576 327286822
26516577 310509606
26516578 293732390
26516579 276955174
26516592 260177958
26516593 243400742
26516594 226623526
26516595 209846310
26516608 268632102
26516609 285409318
26516610 302186534
26516611 318963750
26516624 335806502
26516625 352583718
26516626 369360934
26516627 386138150
26516640 262182
26516641 17039398
26516642 33816614
26516643 50593830
26516656 268697638
26516657 285474854
26516658 302252070
26516659 319029286
26516672 196646
26516673 16973862
26516674 33751078
26516675 50528294
26516688 335740966
26516689 352518182
26516690 369295398
26516691 386072614
26516704 67305510
26516705 84082726
26516706 100859942
26516707 117637158
26516720 402915366
26516721 419692582
26516722 436469798
26516723 453247014
26516736 402718758
26516737 419495974
26516738 436273190
26516739 453050406
26516752 134283302
26516753 151060518
26516754 167837734
26516755 184614950
26516768 469827622
26516769 486604838
26516770 503382054
26516771 520159270
26516784 134348838
26516785 151126054
26516786 167903270
26516787 184680486
26516800 402784294
26516801 419561510
26516802 436338726
26516803 453115942
26516816 67239974
26516817 84017190
26516818 100794406
26516819 117571622
26516832 335675430
26516833 352452646
26516834 369229862
26516835 386007078
26516848 131110
26516849 16908326
26516850 33685542
26516851 50462758
26516864 402653222
26516865 419430438
26516866 436207654
26516867 452984870
26516880 134217766
26516881 150994982
26516882 167772198
26516883 184549414
26516896 469762086
26516897 486539302
26516898 503316518
26516899 520093734
26516912 268501030
26516913 285278246
26516914 302055462
26516915 318832678
26516928 335609894
26516929 352387110
26516930 369164326
26516931 385941542
26516944 67174438
26516945 83951654
26516946 100728870
26516947 117506086
26516960 402849830
26516961 419627046
26516962 436404262
26516963 453181478
26516976 469958694
26516977 486735910
26516978 503513126
26516979 520290342
26516992 470024230
26516993 486801446
26516994 503578662
26516995 520355878
26517008 67371046
26517009 84148262
26517010 100925478
26517011 117702694
26517024 201326630
26517025 218103846
26517026 234881062
26517027 251658278
26517040 38
26517041 16777254
26517042 33554470
26517043 50331686
26517056 335544358
26517057 352321574
26517058 369098790
26517059 385876006
26517072 67108902
26517073 83886118
26517074 100663334
26517075 117440550
26517088 201523238
26517089 218300454
26517090 235077670
26517091 251854886
26517104 201588774
26517105 218365990
26517106 235143206
26517107 251920422
26517120 134414374
26517121 151191590
26517122 167968806
26517123 184746022
26517136 134479910
26517137 151257126
26517138 168034342
26517139 184811558
26517152 268435494
26517153 285212710
26517154 301989926
26517155 318767142
26517168 201392166
26517169 218169382
26517170 234946598
26517171 251723814
26517184 65574
26517185 16842790
26517186 33620006
26517187 50397222
26517200 469893158
26517201 486670374
26517202 503447590
26517203 520224806
26517216 201457702
26517217 218234918
26517218 235012134
26517219 251789350
26517232 268566566
26517233 285343782
26517234 302120998
26517235 318898214
25972736 260083718
25972737 243306502
25972738 226529286
25972739 209752070
25972752 193040390
25972753 176263174
25972754 159485958
25972755 142708742
25972768 528584710
25972769 511807494
25972770 495030278
25972771 478253062
25972784 260149254
25972785 243372038
25972786 226594822
25972787 209817606
25972800 528519174
25972801 511741958
25972802 494964742
25972803 478187526
25972816 192974854
25972817 176197638
25972818 159420422
25972819 142643206
25972832 461410310
25972833 444633094
25972834 427855878
25972835 411078662
25972848 125931526
25972849 109154310
25972850 92377094
25972851 75599878
25972864 402690054
25972865 419467270
25972866 436244486
25972867 453021702
25972880 134254598
25972881 151031814
25972882 167809030
25972883 184586246
25972896 469798918
25972897 486576134
25972898 503353350
25972899 520130566
25972992 402755590
25972993 419532806
25972994 436310022
25972995 453087238
25973008 134320134
25973009 151097350
25973010 167874566
25973011 184651782
25973024 469864454
25973025 486641670
25973026 503418886
25973027 520196102
25973040 268472326
25973041 285249542
25973042 302026758
25973043 318803974
25973056 335581190
25973057 352358406
25973058 369135622
25973059 385912838
25973072 67145734
25973073 83922950
25973074 100700166
25973075 117477382
25973088 125865990
25973089 109088774
25973090 92311558
25973091 75534342
25973104 58757126
25973105 41979910
25973106 25202694
25973107 8425478
25973120 58822662
25973121 42045446
25973122 25268230
25973123 8491014
25973136 461475846
25973137 444698630
25973138 427921414
25973139 411144198
25973152 201428998
25973153 218206214
25973154 234983430
25973155 251760646
25973168 102406
25973169 16879622
25973170 33656838
25973171 50434054
25973184 335646726
25973185 352423942
25973186 369201158
25973187 385978374
25973200 67211270
25973201 83988486
25973202 100765702
25973203 117542918
25973216 327192582
25973217 310415366
25973218 293638150
25973219 276860934
25973232 327258118
25973233 310480902
25973234 293703686
25973235 276926470
25973248 394301446
25973249 377524230
25973250 360747014
25973251 343969798
25973264 394366982
25973265 377589766
25973266 360812550
25973267 344035334
25973280 268537862
25973281 285315078
25973282 302092294
25973283 318869510
25973296 201363462
25973297 218140678
25973298 234917894
25973299 251695110
25973312 36870
25973313 16814086
25973314 33591302
25973315 50368518
25973392 167800838
25973393 184578054
25973394 -184520698
25973395 201355270
25973408 28678
25973409 -16748538
25973410 -33525754
25973411 -50302970
25973424 117469190
25973425 134246406
25973426 -167743482
25973427 151023622
25973488 218132486
25973489 234909702
25973490 -201297914
25973491 251686918
25973552 -125800442
25973553 25194502
25973554 41971718
25973555 58748934
25973568 226521094
25973569 243298310
25973570 -192909306
25973571 260075526
25973584 -58691578
25973585 -75468794
25973586 -92246010
25973587 -109023226
25973600 176189446
25973601 192966662
25973602 -176132090
25973603 209743878
25973616 8417286
25973617 -8359930
25973618 -25137146
25973619 -41914362
25973632 32774
25973633 98310
25973634 163846
25973635 229382
25973664 294918
25973665 360454
25973666 425990
25973667 491526
25973760 268464134
25973761 285241350
25973762 302018566
25973763 318795782
25973776 -67080186
25973777 -83857402
25973778 -100634618
25973779 -117411834
25973872 67137542
25973873 -150966266
25973874 83914758
25973875 100691974
25973904 -134189050
25973905 16805894
25973906 33583110
25973907 50360326
25973968 276852742
25973969 293629958
25973970 310407174
25973971 327184390
25973984 75526150
25973985 -142577658
25973986 92303366
25973987 109080582
25974000 125857798
25974001 142635014
25974002 -159354874
25974003 159412230
25974016 260136966
25974017 243359750
25974018 226582534
25974019 209805318
25974032 192962566
25974033 176185350
25974034 159408134
25974035 142630918
25974048 528506886
25974049 511729670
25974050 494952454
25974051 478175238
25974064 260071430
25974065 243294214
25974066 226516998
25974067 209739782
25974080 528572422
25974081 511795206
25974082 495017990
25974083 478240774
25974096 193028102
25974097 176250886
25974098 159473670
25974099 142696454
25974112 461463558
25974113 444686342
25974114 427909126
25974115 411131910
25974128 125853702
25974129 109076486
25974130 92299270
25974131 75522054
25974144 117530630
25974145 100753414
25974146 83976198
25974147 67198982
25974160 385966086
25974161 369188870
25974162 352411654
25974163 335634438
25974176 50421766
25974177 33644550
25974178 16867334
25974179 90118
25974272 117465094
25974273 100687878
25974274 83910662
25974275 67133446
25974288 385900550
25974289 369123334
25974290 352346118
25974291 335568902
25974304 50356230
25974305 33579014
25974306 16801798
25974307 24582
25974320 251748358
25974321 234971142
25974322 218193926
25974323 201416710
25974336 184639494
25974337 167862278
25974338 151085062
25974339 134307846
25974352 453074950
25974353 436297734
25974354 419520518
25974355 402743302
25974368 125919238
25974369 109142022
25974370 92364806
25974371 75587590
25974384 58810374
25974385 42033158
25974386 25255942
25974387 8478726
25974400 58744838
25974401 41967622
25974402 25190406
25974403 8413190
25974416 461398022
25974417 444620806
25974418 427843590
25974419 411066374
25974432 318791686
25974433 302014470
25974434 285237254
25974435 268460038
25974448 520118278
25974449 503341062
25974450 486563846
25974451 469786630
25974464 184573958
25974465 167796742
25974466 151019526
25974467 134242310
25974480 453009414
25974481 436232198
25974482 419454982
25974483 402677766
25974496 327245830
25974497 310468614
25974498 293691398
25974499 276914182
25974512 327180294
25974513 310403078
25974514 293625862
25974515 276848646
25974528 394354694
25974529 377577478
25974530 360800262
25974531 344023046
25974544 394289158
25974545 377511942
25974546 360734726
25974547 343957510
25974560 251682822
25974561 234905606
25974562 218128390
25974563 201351174
25974576 318857222
25974577 302080006
25974578 285302790
25974579 268525574
25974592 520183814
25974593 503406598
25974594 486629382
25974595 469852166
26365971 16797702
26365987 50352134
26366003 16797702
26366067 20486
26366243 33574918
26366323 50352134
26366339 20486
26366355 50352134
26366451 33574918
26366483 33574918
26366547 16797702
26738707 83906566
26738723 117460998
26738739 83906566
26738803 67129350
26738979 100683782
26739059 117460998
26739075 67129350
26739091 117460998
26739187 100683782
26739219 100683782
26739283 83906566
