26353664 260243510
26353665 243466294
26353666 226689078
26353667 209911862
26353680 193200182
26353681 176422966
26353682 159645750
26353683 142868534
26353696 528744502
26353697 511967286
26353698 495190070
26353699 478412854
26353712 260309046
26353713 243531830
26353714 226754614
26353715 209977398
26353728 528678966
26353729 511901750
26353730 495124534
26353731 478347318
26353744 193134646
26353745 176357430
26353746 159580214
26353747 142802998
26353760 461570102
26353761 444792886
26353762 428015670
26353763 411238454
26353776 126091318
26353777 109314102
26353778 92536886
26353779 75759670
26353792 125894710
26353793 109117494
26353794 92340278
26353795 75563062
26353808 394330166
26353809 377552950
26353810 360775734
26353811 343998518
26353824 58785846
26353825 42008630
26353826 25231414
26353827 8454198
26353840 394395702
26353841 377618486
26353842 360841270
26353843 344064054
26353856 125960246
26353857 109183030
26353858 92405814
26353859 75628598
26353872 461504566
26353873 444727350
26353874 427950134
26353875 411172918
26353888 193069110
26353889 176291894
26353890 159514678
26353891 142737462
26353904 528613430
26353905 511836214
26353906 495058998
26353907 478281782
26353920 125829174
26353921 109051958
26353922 92274742
26353923 75497526
26353936 394264630
26353937 377487414
26353938 360710198
26353939 343932982
26353952 58720310
26353953 41943094
26353954 25165878
26353955 8388662
26353968 260112438
26353969 243335222
26353970 226558006
26353971 209780790
26353984 193003574
26353985 176226358
26353986 159449142
26353987 142671926
26354000 461439030
26354001 444661814
26354002 427884598
26354003 411107382
26354016 126025782
26354017 109248566
26354018 92471350
26354019 75694134
26354032 58916918
26354033 42139702
26354034 25362486
26354035 8585270
26354048 58982454
26354049 42205238
26354050 25428022
26354051 8650806
26354064 461635638
26354065 444858422
26354066 428081206
26354067 411303990
26354080 327155766
26354081 310378550
26354082 293601334
26354083 276824118
26354096 528482358
26354097 511705142
26354098 494927926
26354099 478150710
26354112 192938038
26354113 176160822
26354114 159383606
26354115 142606390
26354128 461373494
26354129 444596278
26354130 427819062
26354131 411041846
26354144 327352374
26354145 310575158
26354146 293797942
26354147 277020726
26354160 327417910
26354161 310640694
26354162 293863478
26354163 277086262
26354176 394461238
26354177 377684022
26354178 360906806
26354179 344129590
26354192 394526774
26354193 377749558
26354194 360972342
26354195 344195126
26354208 260046902
26354209 243269686
26354210 226492470
26354211 209715254
26354224 327221302
26354225 310444086
26354226 293666870
26354227 276889654
26354240 528547894
26354241 511770678
26354242 494993462
26354243 478216246
26354256 58851382
26354257 42074166
26354258 25296950
26354259 8519734
26354272 327286838
26354273 310509622
26354274 293732406
26354275 276955190
26354288 260177974
26354289 243400758
26354290 226623542
26354291 209846326
26354304 268632118
26354305 285409334
26354306 302186550
26354307 318963766
26354320 335806518
26354321 352583734
26354322 369360950
26354323 386138166
26354336 262198
26354337 17039414
26354338 33816630
26354339 50593846
26354352 268697654
26354353 285474870
26354354 302252086
26354355 319029302
26354368 196662
26354369 16973878
26354370 33751094
26354371 50528310
26354384 335740982
26354385 352518198
26354386 369295414
26354387 386072630
26354400 67305526
26354401 84082742
26354402 100859958
26354403 117637174
26354416 402915382
26354417 419692598
26354418 436469814
26354419 453247030
26354432 402718774
26354433 419495990
26354434 436273206
26354435 453050422
26354448 134283318
26354449 151060534
26354450 167837750
26354451 184614966
26354464 469827638
26354465 486604854
26354466 503382070
26354467 520159286
26354480 134348854
26354481 151126070
26354482 167903286
26354483 184680502
26354496 402784310
26354497 419561526
26354498 436338742
26354499 453115958
26354512 67239990
26354513 84017206
26354514 100794422
26354515 117571638
26354528 335675446
26354529 352452662
26354530 369229878
26354531 386007094
26354544 131126
26354545 16908342
26354546 33685558
26354547 50462774
26354560 402653238
26354561 419430454
26354562 436207670
26354563 452984886
26354576 134217782
26354577 150994998
26354578 167772214
26354579 184549430
26354592 469762102
26354593 486539318
26354594 503316534
26354595 520093750
26354608 268501046
26354609 285278262
26354610 302055478
26354611 318832694
26354624 335609910
26354625 352387126
26354626 369164342
26354627 385941558
26354640 67174454
26354641 83951670
26354642 100728886
26354643 117506102
26354656 402849846
26354657 419627062
26354658 436404278
26354659 453181494
26354672 469958710
26354673 486735926
26354674 503513142
26354675 520290358
26354688 470024246
26354689 486801462
26354690 503578678
26354691 520355894
26354704 67371062
26354705 84148278
26354706 100925494
26354707 117702710
26354720 201326646
26354721 218103862
26354722 234881078
26354723 251658294
26354736 54
26354737 16777270
26354738 33554486
26354739 50331702
26354752 335544374
26354753 352321590
26354754 369098806
26354755 385876022
26354768 67108918
26354769 83886134
26354770 100663350
26354771 117440566
26354784 201523254
26354785 218300470
26354786 235077686
26354787 251854902
26354800 201588790
26354801 218366006
26354802 235143222
26354803 251920438
26354816 134414390
26354817 151191606
26354818 167968822
26354819 184746038
26354832 134479926
26354833 151257142
26354834 168034358
26354835 184811574
26354848 268435510
26354849 285212726
26354850 301989942
26354851 318767158
26354864 201392182
26354865 218169398
26354866 234946614
26354867 251723830
26354880 65590
26354881 16842806
26354882 33620022
26354883 50397238
26354896 469893174
26354897 486670390
26354898 503447606
26354899 520224822
26354912 201457718
26354913 218234934
26354914 235012150
26354915 251789366
26354928 268566582
26354929 285343798
26354930 302121014
26354931 318898230
26354944 260243526
26354945 243466310
26354946 226689094
26354947 209911878
26354960 193200198
26354961 176422982
26354962 159645766
26354963 142868550
26354976 528744518
26354977 511967302
26354978 495190086
26354979 478412870
26354992 260309062
26354993 243531846
26354994 226754630
26354995 209977414
26355008 528678982
26355009 511901766
26355010 495124550
26355011 478347334
26355024 193134662
26355025 176357446
26355026 159580230
26355027 142803014
26355040 461570118
26355041 444792902
26355042 428015686
26355043 411238470
26355056 126091334
26355057 109314118
26355058 92536902
26355059 75759686
26355072 125894726
26355073 109117510
26355074 92340294
26355075 75563078
26355088 394330182
26355089 377552966
26355090 360775750
26355091 343998534
26355104 58785862
26355105 42008646
26355106 25231430
26355107 8454214
26355120 394395718
26355121 377618502
26355122 360841286
26355123 344064070
26355136 125960262
26355137 109183046
26355138 92405830
26355139 75628614
26355152 461504582
26355153 444727366
26355154 427950150
26355155 411172934
26355168 193069126
26355169 176291910
26355170 159514694
26355171 142737478
26355184 528613446
26355185 511836230
26355186 495059014
26355187 478281798
26355200 125829190
26355201 109051974
26355202 92274758
26355203 75497542
26355216 394264646
26355217 377487430
26355218 360710214
26355219 343932998
26355232 58720326
26355233 41943110
26355234 25165894
26355235 8388678
26355248 260112454
26355249 243335238
26355250 226558022
26355251 209780806
26355264 193003590
26355265 176226374
26355266 159449158
26355267 142671942
26355280 461439046
26355281 444661830
26355282 427884614
26355283 411107398
26355296 126025798
26355297 109248582
26355298 92471366
26355299 75694150
26355312 58916934
26355313 42139718
26355314 25362502
26355315 8585286
26355328 58982470
26355329 42205254
26355330 25428038
26355331 8650822
26355344 461635654
26355345 444858438
26355346 428081222
26355347 411304006
26355360 327155782
26355361 310378566
26355362 293601350
26355363 276824134
26355376 528482374
26355377 511705158
26355378 494927942
26355379 478150726
26355392 192938054
26355393 176160838
26355394 159383622
26355395 142606406
26355408 461373510
26355409 444596294
26355410 427819078
26355411 411041862
26355424 327352390
26355425 310575174
26355426 293797958
26355427 277020742
26355440 327417926
26355441 310640710
26355442 293863494
26355443 277086278
26355456 394461254
26355457 377684038
26355458 360906822
26355459 344129606
26355472 394526790
26355473 377749574
26355474 360972358
26355475 344195142
26355488 260046918
26355489 243269702
26355490 226492486
26355491 209715270
26355504 327221318
26355505 310444102
26355506 293666886
26355507 276889670
26355520 528547910
26355521 511770694
26355522 494993478
26355523 478216262
26355536 58851398
26355537 42074182
26355538 25296966
26355539 8519750
26355552 327286854
26355553 310509638
26355554 293732422
26355555 276955206
26355568 260177990
26355569 243400774
26355570 226623558
26355571 209846342
26355584 268632134
26355585 285409350
26355586 302186566
26355587 318963782
26355600 335806534
26355601 352583750
26355602 369360966
26355603 386138182
26355616 262214
26355617 17039430
26355618 33816646
26355619 50593862
26355632 268697670
26355633 285474886
26355634 302252102
26355635 319029318
26355648 196678
26355649 16973894
26355650 33751110
26355651 50528326
26355664 335740998
26355665 352518214
26355666 369295430
26355667 386072646
26355680 67305542
26355681 84082758
26355682 100859974
26355683 117637190
26355696 402915398
26355697 419692614
26355698 436469830
26355699 453247046
26355712 402718790
26355713 419496006
26355714 436273222
26355715 453050438
26355728 134283334
26355729 151060550
26355730 167837766
26355731 184614982
26355744 469827654
26355745 486604870
26355746 503382086
26355747 520159302
26355760 134348870
26355761 151126086
26355762 167903302
26355763 184680518
26355776 402784326
26355777 419561542
26355778 436338758
26355779 453115974
26355792 67240006
26355793 84017222
26355794 100794438
26355795 117571654
26355808 335675462
26355809 352452678
26355810 369229894
26355811 386007110
26355824 131142
26355825 16908358
26355826 33685574
26355827 50462790
26355840 402653254
26355841 419430470
26355842 436207686
26355843 452984902
26355856 134217798
26355857 150995014
26355858 167772230
26355859 184549446
26355872 469762118
26355873 486539334
26355874 503316550
26355875 520093766
26355888 268501062
26355889 285278278
26355890 302055494
26355891 318832710
26355904 335609926
26355905 352387142
26355906 369164358
26355907 385941574
26355920 67174470
26355921 83951686
26355922 100728902
26355923 117506118
26355936 402849862
26355937 419627078
26355938 436404294
26355939 453181510
26355952 469958726
26355953 486735942
26355954 503513158
26355955 520290374
26355968 470024262
26355969 486801478
26355970 503578694
26355971 520355910
26355984 67371078
26355985 84148294
26355986 100925510
26355987 117702726
26356000 201326662
26356001 218103878
26356002 234881094
26356003 251658310
26356016 70
26356017 16777286
26356018 33554502
26356019 50331718
26356032 335544390
26356033 352321606
26356034 369098822
26356035 385876038
26356048 67108934
26356049 83886150
26356050 100663366
26356051 117440582
26356064 201523270
26356065 218300486
26356066 235077702
26356067 251854918
26356080 201588806
26356081 218366022
26356082 235143238
26356083 251920454
26356096 134414406
26356097 151191622
26356098 167968838
26356099 184746054
26356112 134479942
26356113 151257158
26356114 168034374
26356115 184811590
26356128 268435526
26356129 285212742
26356130 301989958
26356131 318767174
26356144 201392198
26356145 218169414
26356146 234946630
26356147 251723846
26356160 65606
26356161 16842822
26356162 33620038
26356163 50397254
26356176 469893190
26356177 486670406
26356178 503447622
26356179 520224838
26356192 201457734
26356193 218234950
26356194 235012166
26356195 251789382
26356208 268566598
26356209 285343814
26356210 302121030
26356211 318898246
26356224 318898246
26356225 318898246
26356226 318898246
26356227 318898246
26356240 318898246
26356241 318898246
26356242 318898246
26356243 318898246
26356256 318898246
26356257 318898246
26356258 318898246
26356259 318898246
26356272 318898246
26356273 318898246
26356274 318898246
26356275 318898246
26356288 318898246
26356289 318898246
26356290 318898246
26356291 318898246
26356304 318898246
26356305 318898246
26356306 318898246
26356307 318898246
26356320 318898246
26356321 318898246
26356322 318898246
26356323 318898246
26356336 318898246
26356337 318898246
26356338 318898246
26356339 318898246
26356352 318898246
26356353 318898246
26356354 318898246
26356355 318898246
26356368 318898246
26356369 318898246
26356370 318898246
26356371 318898246
26356384 318898246
26356385 318898246
26356386 318898246
26356387 318898246
26356400 318898246
26356401 318898246
26356402 318898246
26356403 318898246
26356416 318898246
26356417 318898246
26356418 318898246
26356419 318898246
26356432 318898246
26356433 318898246
26356434 318898246
26356435 318898246
26356448 318898246
26356449 318898246
26356450 318898246
26356451 318898246
26356464 318898246
26356465 318898246
26356466 318898246
26356467 318898246
26356480 318898246
26356481 318898246
26356482 318898246
26356483 318898246
26356496 318898246
26356497 318898246
26356498 318898246
26356499 318898246
26356512 318898246
26356513 318898246
26356514 318898246
26356515 318898246
26356528 318898246
26356529 318898246
26356530 318898246
26356531 318898246
26356544 318898246
26356545 318898246
26356546 318898246
26356547 318898246
26356560 318898246
26356561 318898246
26356562 318898246
26356563 318898246
26356576 318898246
26356577 318898246
26356578 318898246
26356579 318898246
26356592 318898246
26356593 318898246
26356594 318898246
26356595 318898246
26356608 318898246
26356609 318898246
26356610 318898246
26356611 318898246
26356624 318898246
26356625 318898246
26356626 318898246
26356627 318898246
26356640 318898246
26356641 318898246
26356642 318898246
26356643 318898246
26356656 318898246
26356657 318898246
26356658 318898246
26356659 318898246
26356672 318898246
26356673 318898246
26356674 318898246
26356675 318898246
26356688 318898246
26356689 318898246
26356690 318898246
26356691 318898246
26356704 318898246
26356705 318898246
26356706 318898246
26356707 318898246
26356720 318898246
26356721 318898246
26356722 318898246
26356723 318898246
26356736 318898246
26356737 318898246
26356738 318898246
26356739 318898246
26356752 318898246
26356753 318898246
26356754 318898246
26356755 318898246
26356768 318898246
26356769 318898246
26356770 318898246
26356771 318898246
26356784 318898246
26356785 318898246
26356786 318898246
26356787 318898246
26356800 318898246
26356801 318898246
26356802 318898246
26356803 318898246
26356816 318898246
26356817 318898246
26356818 318898246
26356819 318898246
26356832 318898246
26356833 318898246
26356834 318898246
26356835 318898246
26356848 318898246
26356849 318898246
26356850 318898246
26356851 318898246
26356864 318898246
26356865 318898246
26356866 318898246
26356867 318898246
26356880 318898246
26356881 318898246
26356882 318898246
26356883 318898246
26356896 318898246
26356897 318898246
26356898 318898246
26356899 318898246
26356912 318898246
26356913 318898246
26356914 318898246
26356915 318898246
26356928 318898246
26356929 318898246
26356930 318898246
26356931 318898246
26356944 318898246
26356945 318898246
26356946 318898246
26356947 318898246
26356960 318898246
26356961 318898246
26356962 318898246
26356963 318898246
26356976 318898246
26356977 318898246
26356978 318898246
26356979 318898246
26356992 318898246
26356993 318898246
26356994 318898246
26356995 318898246
26357008 318898246
26357009 318898246
26357010 318898246
26357011 318898246
26357024 318898246
26357025 318898246
26357026 318898246
26357027 318898246
26357040 318898246
26357041 318898246
26357042 318898246
26357043 318898246
26357056 318898246
26357057 318898246
26357058 318898246
26357059 318898246
26357072 318898246
26357073 318898246
26357074 318898246
26357075 318898246
26357088 318898246
26357089 318898246
26357090 318898246
26357091 318898246
26357104 318898246
26357105 318898246
26357106 318898246
26357107 318898246
26357120 318898246
26357121 318898246
26357122 318898246
26357123 318898246
26357136 318898246
26357137 318898246
26357138 318898246
26357139 318898246
26357152 318898246
26357153 318898246
26357154 318898246
26357155 318898246
26357168 318898246
26357169 318898246
26357170 318898246
26357171 318898246
26357184 318898246
26357185 318898246
26357186 318898246
26357187 318898246
26357200 318898246
26357201 318898246
26357202 318898246
26357203 318898246
26357216 318898246
26357217 318898246
26357218 318898246
26357219 318898246
26357232 318898246
26357233 318898246
26357234 318898246
26357235 318898246
26357248 318898246
26357249 318898246
26357250 318898246
26357251 318898246
26357264 318898246
26357265 318898246
26357266 318898246
26357267 318898246
26357280 318898246
26357281 318898246
26357282 318898246
26357283 318898246
26357296 318898246
26357297 318898246
26357298 318898246
26357299 318898246
26357312 318898246
26357313 318898246
26357314 318898246
26357315 318898246
26357328 318898246
26357329 318898246
26357330 318898246
26357331 318898246
26357344 318898246
26357345 318898246
26357346 318898246
26357347 318898246
26357360 318898246
26357361 318898246
26357362 318898246
26357363 318898246
26357376 318898246
26357377 318898246
26357378 318898246
26357379 318898246
26357392 318898246
26357393 318898246
26357394 318898246
26357395 318898246
26357408 318898246
26357409 318898246
26357410 318898246
26357411 318898246
26357424 318898246
26357425 318898246
26357426 318898246
26357427 318898246
26357440 318898246
26357441 318898246
26357442 318898246
26357443 318898246
26357456 318898246
26357457 318898246
26357458 318898246
26357459 318898246
26357472 318898246
26357473 318898246
26357474 318898246
26357475 318898246
26357488 318898246
26357489 318898246
26357490 318898246
26357491 318898246
26513408 260243462
26513409 243466246
26513410 226689030
26513411 209911814
26513424 193200134
26513425 176422918
26513426 159645702
26513427 142868486
26513440 528744454
26513441 511967238
26513442 495190022
26513443 478412806
26513456 260308998
26513457 243531782
26513458 226754566
26513459 209977350
26513472 528678918
26513473 511901702
26513474 495124486
26513475 478347270
26513488 193134598
26513489 176357382
26513490 159580166
26513491 142802950
26513504 461570054
26513505 444792838
26513506 428015622
26513507 411238406
26513520 126091270
26513521 109314054
26513522 92536838
26513523 75759622
26513536 125894662
26513537 109117446
26513538 92340230
26513539 75563014
26513552 394330118
26513553 377552902
26513554 360775686
26513555 343998470
26513568 58785798
26513569 42008582
26513570 25231366
26513571 8454150
26513584 394395654
26513585 377618438
26513586 360841222
26513587 344064006
26513600 125960198
26513601 109182982
26513602 92405766
26513603 75628550
26513616 461504518
26513617 444727302
26513618 427950086
26513619 411172870
26513632 193069062
26513633 176291846
26513634 159514630
26513635 142737414
26513648 528613382
26513649 511836166
26513650 495058950
26513651 478281734
26513664 125829126
26513665 109051910
26513666 92274694
26513667 75497478
26513680 394264582
26513681 377487366
26513682 360710150
26513683 343932934
26513696 58720262
26513697 41943046
26513698 25165830
26513699 8388614
26513712 260112390
26513713 243335174
26513714 226557958
26513715 209780742
26513728 193003526
26513729 176226310
26513730 159449094
26513731 142671878
26513744 461438982
26513745 444661766
26513746 427884550
26513747 411107334
26513760 126025734
26513761 109248518
26513762 92471302
26513763 75694086
26513776 58916870
26513777 42139654
26513778 25362438
26513779 8585222
26513792 58982406
26513793 42205190
26513794 25427974
26513795 8650758
26513808 461635590
26513809 444858374
26513810 428081158
26513811 411303942
26513824 327155718
26513825 310378502
26513826 293601286
26513827 276824070
26513840 528482310
26513841 511705094
26513842 494927878
26513843 478150662
26513856 192937990
26513857 176160774
26513858 159383558
26513859 142606342
26513872 461373446
26513873 444596230
26513874 427819014
26513875 411041798
26513888 327352326
26513889 310575110
26513890 293797894
26513891 277020678
26513904 327417862
26513905 310640646
26513906 293863430
26513907 277086214
26513920 394461190
26513921 377683974
26513922 360906758
26513923 344129542
26513936 394526726
26513937 377749510
26513938 360972294
26513939 344195078
26513952 260046854
26513953 243269638
26513954 226492422
26513955 209715206
26513968 327221254
26513969 310444038
26513970 293666822
26513971 276889606
26513984 528547846
26513985 511770630
26513986 494993414
26513987 478216198
26514000 58851334
26514001 42074118
26514002 25296902
26514003 8519686
26514016 327286790
26514017 310509574
26514018 293732358
26514019 276955142
26514032 260177926
26514033 243400710
26514034 226623494
26514035 209846278
26514048 268632070
26514049 285409286
26514050 302186502
26514051 318963718
26514064 335806470
26514065 352583686
26514066 369360902
26514067 386138118
26514080 262150
26514081 17039366
26514082 33816582
26514083 50593798
26514096 268697606
26514097 285474822
26514098 302252038
26514099 319029254
26514112 196614
26514113 16973830
26514114 33751046
26514115 50528262
26514128 335740934
26514129 352518150
26514130 369295366
26514131 386072582
26514144 67305478
26514145 84082694
26514146 100859910
26514147 117637126
26514160 402915334
26514161 419692550
26514162 436469766
26514163 453246982
26514176 402718726
26514177 419495942
26514178 436273158
26514179 453050374
26514192 134283270
26514193 151060486
26514194 167837702
26514195 184614918
26514208 469827590
26514209 486604806
26514210 503382022
26514211 520159238
26514224 134348806
26514225 151126022
26514226 167903238
26514227 184680454
26514240 402784262
26514241 419561478
26514242 436338694
26514243 453115910
26514256 67239942
26514257 84017158
26514258 100794374
26514259 117571590
26514272 335675398
26514273 352452614
26514274 369229830
26514275 386007046
26514288 131078
26514289 16908294
26514290 33685510
26514291 50462726
26514304 402653190
26514305 419430406
26514306 436207622
26514307 452984838
26514320 134217734
26514321 150994950
26514322 167772166
26514323 184549382
26514336 469762054
26514337 486539270
26514338 503316486
26514339 520093702
26514352 268500998
26514353 285278214
26514354 302055430
26514355 318832646
26514368 335609862
26514369 352387078
26514370 369164294
26514371 385941510
26514384 67174406
26514385 83951622
26514386 100728838
26514387 117506054
26514400 402849798
26514401 419627014
26514402 436404230
26514403 453181446
26514416 469958662
26514417 486735878
26514418 503513094
26514419 520290310
26514432 470024198
26514433 486801414
26514434 503578630
26514435 520355846
26514448 67371014
26514449 84148230
26514450 100925446
26514451 117702662
26514464 201326598
26514465 218103814
26514466 234881030
26514467 251658246
26514480 6
26514481 16777222
26514482 33554438
26514483 50331654
26514496 335544326
26514497 352321542
26514498 369098758
26514499 385875974
26514512 67108870
26514513 83886086
26514514 100663302
26514515 117440518
26514528 201523206
26514529 218300422
26514530 235077638
26514531 251854854
26514544 201588742
26514545 218365958
26514546 235143174
26514547 251920390
26514560 134414342
26514561 151191558
26514562 167968774
26514563 184745990
26514576 134479878
26514577 151257094
26514578 168034310
26514579 184811526
26514592 268435462
26514593 285212678
26514594 301989894
26514595 318767110
26514608 201392134
26514609 218169350
26514610 234946566
26514611 251723782
26514624 65542
26514625 16842758
26514626 33619974
26514627 50397190
26514640 469893126
26514641 486670342
26514642 503447558
26514643 520224774
26514656 201457670
26514657 218234886
26514658 235012102
26514659 251789318
26514672 268566534
26514673 285343750
26514674 302120966
26514675 318898182
26514688 260243478
26514689 243466262
26514690 226689046
26514691 209911830
26514704 193200150
26514705 176422934
26514706 159645718
26514707 142868502
26514720 528744470
26514721 511967254
26514722 495190038
26514723 478412822
26514736 260309014
26514737 243531798
26514738 226754582
26514739 209977366
26514752 528678934
26514753 511901718
26514754 495124502
26514755 478347286
26514768 193134614
26514769 176357398
26514770 159580182
26514771 142802966
26514784 461570070
26514785 444792854
26514786 428015638
26514787 411238422
26514800 126091286
26514801 109314070
26514802 92536854
26514803 75759638
26514816 125894678
26514817 109117462
26514818 92340246
26514819 75563030
26514832 394330134
26514833 377552918
26514834 360775702
26514835 343998486
26514848 58785814
26514849 42008598
26514850 25231382
26514851 8454166
26514864 394395670
26514865 377618454
26514866 360841238
26514867 344064022
26514880 125960214
26514881 109182998
26514882 92405782
26514883 75628566
26514896 461504534
26514897 444727318
26514898 427950102
26514899 411172886
26514912 193069078
26514913 176291862
26514914 159514646
26514915 142737430
26514928 528613398
26514929 511836182
26514930 495058966
26514931 478281750
26514944 125829142
26514945 109051926
26514946 92274710
26514947 75497494
26514960 394264598
26514961 377487382
26514962 360710166
26514963 343932950
26514976 58720278
26514977 41943062
26514978 25165846
26514979 8388630
26514992 260112406
26514993 243335190
26514994 226557974
26514995 209780758
26515008 193003542
26515009 176226326
26515010 159449110
26515011 142671894
26515024 461438998
26515025 444661782
26515026 427884566
26515027 411107350
26515040 126025750
26515041 109248534
26515042 92471318
26515043 75694102
26515056 58916886
26515057 42139670
26515058 25362454
26515059 8585238
26515072 58982422
26515073 42205206
26515074 25427990
26515075 8650774
26515088 461635606
26515089 444858390
26515090 428081174
26515091 411303958
26515104 327155734
26515105 310378518
26515106 293601302
26515107 276824086
26515120 528482326
26515121 511705110
26515122 494927894
26515123 478150678
26515136 192938006
26515137 176160790
26515138 159383574
26515139 142606358
26515152 461373462
26515153 444596246
26515154 427819030
26515155 411041814
26515168 327352342
26515169 310575126
26515170 293797910
26515171 277020694
26515184 327417878
26515185 310640662
26515186 293863446
26515187 277086230
26515200 394461206
26515201 377683990
26515202 360906774
26515203 344129558
26515216 394526742
26515217 377749526
26515218 360972310
26515219 344195094
26515232 260046870
26515233 243269654
26515234 226492438
26515235 209715222
26515248 327221270
26515249 310444054
26515250 293666838
26515251 276889622
26515264 528547862
26515265 511770646
26515266 494993430
26515267 478216214
26515280 58851350
26515281 42074134
26515282 25296918
26515283 8519702
26515296 327286806
26515297 310509590
26515298 293732374
26515299 276955158
26515312 260177942
26515313 243400726
26515314 226623510
26515315 209846294
26515328 268632086
26515329 285409302
26515330 302186518
26515331 318963734
26515344 335806486
26515345 352583702
26515346 369360918
26515347 386138134
26515360 262166
26515361 17039382
26515362 33816598
26515363 50593814
26515376 268697622
26515377 285474838
26515378 302252054
26515379 319029270
26515392 196630
26515393 16973846
26515394 33751062
26515395 50528278
26515408 335740950
26515409 352518166
26515410 369295382
26515411 386072598
26515424 67305494
26515425 84082710
26515426 100859926
26515427 117637142
26515440 402915350
26515441 419692566
26515442 436469782
26515443 453246998
26515456 402718742
26515457 419495958
26515458 436273174
26515459 453050390
26515472 134283286
26515473 151060502
26515474 167837718
26515475 184614934
26515488 469827606
26515489 486604822
26515490 503382038
26515491 520159254
26515504 134348822
26515505 151126038
26515506 167903254
26515507 184680470
26515520 402784278
26515521 419561494
26515522 436338710
26515523 453115926
26515536 67239958
26515537 84017174
26515538 100794390
26515539 117571606
26515552 335675414
26515553 352452630
26515554 369229846
26515555 386007062
26515568 131094
26515569 16908310
26515570 33685526
26515571 50462742
26515584 402653206
26515585 419430422
26515586 436207638
26515587 452984854
26515600 134217750
26515601 150994966
26515602 167772182
26515603 184549398
26515616 469762070
26515617 486539286
26515618 503316502
26515619 520093718
26515632 268501014
26515633 285278230
26515634 302055446
26515635 318832662
26515648 335609878
26515649 352387094
26515650 369164310
26515651 385941526
26515664 67174422
26515665 83951638
26515666 100728854
26515667 117506070
26515680 402849814
26515681 419627030
26515682 436404246
26515683 453181462
26515696 469958678
26515697 486735894
26515698 503513110
26515699 520290326
26515712 470024214
26515713 486801430
26515714 503578646
26515715 520355862
26515728 67371030
26515729 84148246
26515730 100925462
26515731 117702678
26515744 201326614
26515745 218103830
26515746 234881046
26515747 251658262
26515760 22
26515761 16777238
26515762 33554454
26515763 50331670
26515776 335544342
26515777 352321558
26515778 369098774
26515779 385875990
26515792 67108886
26515793 83886102
26515794 100663318
26515795 117440534
26515808 201523222
26515809 218300438
26515810 235077654
26515811 251854870
26515824 201588758
26515825 218365974
26515826 235143190
26515827 251920406
26515840 134414358
26515841 151191574
26515842 167968790
26515843 184746006
26515856 134479894
26515857 151257110
26515858 168034326
26515859 184811542
26515872 268435478
26515873 285212694
26515874 301989910
26515875 318767126
26515888 201392150
26515889 218169366
26515890 234946582
26515891 251723798
26515904 65558
26515905 16842774
26515906 33619990
26515907 50397206
26515920 469893142
26515921 486670358
26515922 503447574
26515923 520224790
26515936 201457686
26515937 218234902
26515938 235012118
26515939 251789334
26515952 268566550
26515953 285343766
26515954 302120982
26515955 318898198
26515968 260243494
26515969 243466278
26515970 226689062
26515971 209911846
26515984 193200166
26515985 176422950
26515986 159645734
26515987 142868518
26516000 528744486
26516001 511967270
26516002 495190054
26516003 478412838
26516016 260309030
26516017 243531814
26516018 226754598
26516019 209977382
26516032 528678950
26516033 511901734
26516034 495124518
26516035 478347302
26516048 193134630
26516049 176357414
26516050 159580198
26516051 142802982
26516064 461570086
26516065 444792870
26516066 428015654
26516067 411238438
26516080 126091302
26516081 109314086
26516082 92536870
26516083 75759654
26516096 125894694
26516097 109117478
26516098 92340262
26516099 75563046
26516112 394330150
26516113 377552934
26516114 360775718
26516115 343998502
26516128 58785830
26516129 42008614
26516130 25231398
26516131 8454182
26516144 394395686
26516145 377618470
26516146 360841254
26516147 344064038
26516160 125960230
26516161 109183014
26516162 92405798
26516163 75628582
26516176 461504550
26516177 444727334
26516178 427950118
26516179 411172902
26516192 193069094
26516193 176291878
26516194 159514662
26516195 142737446
26516208 528613414
26516209 511836198
26516210 495058982
26516211 478281766
26516224 125829158
26516225 109051942
26516226 92274726
26516227 75497510
26516240 394264614
26516241 377487398
26516242 360710182
26516243 343932966
26516256 58720294
26516257 41943078
26516258 25165862
26516259 8388646
26516272 260112422
26516273 243335206
26516274 226557990
26516275 209780774
26516288 193003558
26516289 176226342
26516290 159449126
26516291 142671910
26516304 461439014
26516305 444661798
26516306 427884582
26516307 411107366
26516320 126025766
26516321 109248550
26516322 92471334
26516323 75694118
26516336 58916902
26516337 42139686
26516338 25362470
26516339 8585254
26516352 58982438
26516353 42205222
26516354 25428006
26516355 8650790
26516368 461635622
26516369 444858406
26516370 428081190
26516371 411303974
26516384 327155750
26516385 310378534
26516386 293601318
26516387 276824102
26516400 528482342
26516401 511705126
26516402 494927910
26516403 478150694
26516416 192938022
26516417 176160806
26516418 159383590
26516419 142606374
26516432 461373478
26516433 444596262
26516434 427819046
26516435 411041830
26516448 327352358
26516449 310575142
26516450 293797926
26516451 277020710
26516464 327417894
26516465 310640678
26516466 293863462
26516467 277086246
26516480 394461222
26516481 377684006
26516482 360906790
26516483 344129574
26516496 394526758
26516497 377749542
26516498 360972326
26516499 344195110
26516512 260046886
26516513 243269670
26516514 226492454
26516515 209715238
26516528 327221286
26516529 310444070
26516530 293666854
26516531 276889638
26516544 528547878
26516545 511770662
26516546 494993446
26516547 478216230
26516560 58851366
26516561 42074150
26516562 25296934
26516563 8519718
26516576 327286822
26516577 310509606
26516578 293732390
26516579 276955174
26516592 260177958
26516593 243400742
26516594 226623526
26516595 209846310
26516608 268632102
26516609 285409318
26516610 302186534
26516611 318963750
26516624 335806502
26516625 352583718
26516626 369360934
26516627 386138150
26516640 262182
26516641 17039398
26516642 33816614
26516643 50593830
26516656 268697638
26516657 285474854
26516658 302252070
26516659 319029286
26516672 196646
26516673 16973862
26516674 33751078
26516675 50528294
26516688 335740966
26516689 352518182
26516690 369295398
26516691 386072614
26516704 67305510
26516705 84082726
26516706 100859942
26516707 117637158
26516720 402915366
26516721 419692582
26516722 436469798
26516723 453247014
26516736 402718758
26516737 419495974
26516738 436273190
26516739 453050406
26516752 134283302
26516753 151060518
26516754 167837734
26516755 184614950
26516768 469827622
26516769 486604838
26516770 503382054
26516771 520159270
26516784 134348838
26516785 151126054
26516786 167903270
26516787 184680486
26516800 402784294
26516801 419561510
26516802 436338726
26516803 453115942
26516816 67239974
26516817 84017190
26516818 100794406
26516819 117571622
26516832 335675430
26516833 352452646
26516834 369229862
26516835 386007078
26516848 131110
26516849 16908326
26516850 33685542
26516851 50462758
26516864 402653222
26516865 419430438
26516866 436207654
26516867 452984870
26516880 134217766
26516881 150994982
26516882 167772198
26516883 184549414
26516896 469762086
26516897 486539302
26516898 503316518
26516899 520093734
26516912 268501030
26516913 285278246
26516914 302055462
26516915 318832678
26516928 335609894
26516929 352387110
26516930 369164326
26516931 385941542
26516944 67174438
26516945 83951654
26516946 100728870
26516947 117506086
26516960 402849830
26516961 419627046
26516962 436404262
26516963 453181478
26516976 469958694
26516977 486735910
26516978 503513126
26516979 520290342
26516992 470024230
26516993 486801446
26516994 503578662
26516995 520355878
26517008 67371046
26517009 84148262
26517010 100925478
26517011 117702694
26517024 201326630
26517025 218103846
26517026 234881062
26517027 251658278
26517040 38
26517041 16777254
26517042 33554470
26517043 50331686
26517056 335544358
26517057 352321574
26517058 369098790
26517059 385876006
26517072 67108902
26517073 83886118
26517074 100663334
26517075 117440550
26517088 201523238
26517089 218300454
26517090 235077670
26517091 251854886
26517104 201588774
26517105 218365990
26517106 235143206
26517107 251920422
26517120 134414374
26517121 151191590
26517122 167968806
26517123 184746022
26517136 134479910
26517137 151257126
26517138 168034342
26517139 184811558
26517152 268435494
26517153 285212710
26517154 301989926
26517155 318767142
26517168 201392166
26517169 218169382
26517170 234946598
26517171 251723814
26517184 65574
26517185 16842790
26517186 33620006
26517187 50397222
26517200 469893158
26517201 486670374
26517202 503447590
26517203 520224806
26517216 201457702
26517217 218234918
26517218 235012134
26517219 251789350
26517232 268566566
26517233 285343782
26517234 302120998
26517235 318898214
25972736 260083718
25972737 243306502
25972738 226529286
25972739 209752070
25972752 193040390
25972753 176263174
25972754 159485958
25972755 142708742
25972768 528584710
25972769 511807494
25972770 495030278
25972771 478253062
25972784 260149254
25972785 243372038
25972786 226594822
25972787 209817606
25972800 528519174
25972801 511741958
25972802 494964742
25972803 478187526
25972816 192974854
25972817 176197638
25972818 159420422
25972819 142643206
25972832 461410310
25972833 444633094
25972834 427855878
25972835 411078662
25972848 125931526
25972849 109154310
25972850 92377094
25972851 75599878
25972864 402690054
25972865 419467270
25972866 436244486
25972867 453021702
25972880 134254598
25972881 151031814
25972882 167809030
25972883 184586246
25972896 469798918
25972897 486576134
25972898 503353350
25972899 520130566
25972912 520130566
25972913 520130566
25972914 520130566
25972915 520130566
25972928 520130566
25972929 520130566
25972930 520130566
25972931 520130566
25972944 520130566
25972945 520130566
25972946 520130566
25972947 520130566
25972960 520130566
25972961 520130566
25972962 520130566
25972963 520130566
25972976 520130566
25972977 520130566
25972978 520130566
25972979 520130566
25972992 402755590
25972993 419532806
25972994 436310022
25972995 453087238
25973008 134320134
25973009 151097350
25973010 167874566
25973011 184651782
25973024 469864454
25973025 486641670
25973026 503418886
25973027 520196102
25973040 268472326
25973041 285249542
25973042 302026758
25973043 318803974
25973056 335581190
25973057 352358406
25973058 369135622
25973059 385912838
25973072 67145734
25973073 83922950
25973074 100700166
25973075 117477382
25973088 125865990
25973089 109088774
25973090 92311558
25973091 75534342
25973104 58757126
25973105 41979910
25973106 25202694
25973107 8425478
25973120 58822662
25973121 42045446
25973122 25268230
25973123 8491014
25973136 461475846
25973137 444698630
25973138 427921414
25973139 411144198
25973152 201428998
25973153 218206214
25973154 234983430
25973155 251760646
25973168 102406
25973169 16879622
25973170 33656838
25973171 50434054
25973184 335646726
25973185 352423942
25973186 369201158
25973187 385978374
25973200 67211270
25973201 83988486
25973202 100765702
25973203 117542918
25973216 327192582
25973217 310415366
25973218 293638150
25973219 276860934
25973232 327258118
25973233 310480902
25973234 293703686
25973235 276926470
25973248 394301446
25973249 377524230
25973250 360747014
25973251 343969798
25973264 394366982
25973265 377589766
25973266 360812550
25973267 344035334
25973280 268537862
25973281 285315078
25973282 302092294
25973283 318869510
25973296 201363462
25973297 218140678
25973298 234917894
25973299 251695110
25973312 36870
25973313 16814086
25973314 33591302
25973315 50368518
25973328 50368518
25973329 50368518
25973330 50368518
25973331 50368518
25973344 50368518
25973345 50368518
25973346 50368518
25973347 50368518
25973360 50368518
25973361 50368518
25973362 50368518
25973363 50368518
25973376 50368518
25973377 50368518
25973378 50368518
25973379 50368518
25973392 167800838
25973393 184578054
25973394 -184520698
25973395 201355270
25973408 28678
25973409 -16748538
25973410 -33525754
25973411 -50302970
25973424 117469190
25973425 134246406
25973426 -167743482
25973427 151023622
25973440 151023622
25973441 151023622
25973442 151023622
25973443 151023622
25973456 151023622
25973457 151023622
25973458 151023622
25973459 151023622
25973472 151023622
25973473 151023622
25973474 151023622
25973475 151023622
25973488 218132486
25973489 234909702
25973490 -201297914
25973491 251686918
25973504 251686918
25973505 251686918
25973506 251686918
25973507 251686918
25973520 251686918
25973521 251686918
25973522 251686918
25973523 251686918
25973536 251686918
25973537 251686918
25973538 251686918
25973539 251686918
25973552 -125800442
25973553 25194502
25973554 41971718
25973555 58748934
25973568 226521094
25973569 243298310
25973570 -192909306
25973571 260075526
25973584 -58691578
25973585 -75468794
25973586 -92246010
25973587 -109023226
25973600 176189446
25973601 192966662
25973602 -176132090
25973603 209743878
25973616 8417286
25973617 -8359930
25973618 -25137146
25973619 -41914362
25973632 32774
25973633 98310
25973634 163846
25973635 229382
25973648 229382
25973649 229382
25973650 229382
25973651 229382
25973664 294918
25973665 360454
25973666 425990
25973667 491526
25973680 491526
25973681 491526
25973682 491526
25973683 491526
25973696 491526
25973697 491526
25973698 491526
25973699 491526
25973712 491526
25973713 491526
25973714 491526
25973715 491526
25973728 491526
25973729 491526
25973730 491526
25973731 491526
25973744 491526
25973745 491526
25973746 491526
25973747 491526
25973760 268464134
25973761 285241350
25973762 302018566
25973763 318795782
25973776 -67080186
25973777 -83857402
25973778 -100634618
25973779 -117411834
25973792 -117411834
25973793 -117411834
25973794 -117411834
25973795 -117411834
25973808 -117411834
25973809 -117411834
25973810 -117411834
25973811 -117411834
25973824 -117411834
25973825 -117411834
25973826 -117411834
25973827 -117411834
25973840 -117411834
25973841 -117411834
25973842 -117411834
25973843 -117411834
25973856 -117411834
25973857 -117411834
25973858 -117411834
25973859 -117411834
25973872 67137542
25973873 -150966266
25973874 83914758
25973875 100691974
25973888 100691974
25973889 100691974
25973890 100691974
25973891 100691974
25973904 -134189050
25973905 16805894
25973906 33583110
25973907 50360326
25973920 50360326
25973921 50360326
25973922 50360326
25973923 50360326
25973936 50360326
25973937 50360326
25973938 50360326
25973939 50360326
25973952 50360326
25973953 50360326
25973954 50360326
25973955 50360326
25973968 276852742
25973969 293629958
25973970 310407174
25973971 327184390
25973984 75526150
25973985 -142577658
25973986 92303366
25973987 109080582
25974000 125857798
25974001 142635014
25974002 -159354874
25974003 159412230
25974016 260136966
25974017 243359750
25974018 226582534
25974019 209805318
25974032 192962566
25974033 176185350
25974034 159408134
25974035 142630918
25974048 528506886
25974049 511729670
25974050 494952454
25974051 478175238
25974064 260071430
25974065 243294214
25974066 226516998
25974067 209739782
25974080 528572422
25974081 511795206
25974082 495017990
25974083 478240774
25974096 193028102
25974097 176250886
25974098 159473670
25974099 142696454
25974112 461463558
25974113 444686342
25974114 427909126
25974115 411131910
25974128 125853702
25974129 109076486
25974130 92299270
25974131 75522054
25974144 117530630
25974145 100753414
25974146 83976198
25974147 67198982
25974160 385966086
25974161 369188870
25974162 352411654
25974163 335634438
25974176 50421766
25974177 33644550
25974178 16867334
25974179 90118
25974192 90118
25974193 90118
25974194 90118
25974195 90118
25974208 90118
25974209 90118
25974210 90118
25974211 90118
25974224 90118
25974225 90118
25974226 90118
25974227 90118
25974240 90118
25974241 90118
25974242 90118
25974243 90118
25974256 90118
25974257 90118
25974258 90118
25974259 90118
25974272 117465094
25974273 100687878
25974274 83910662
25974275 67133446
25974288 385900550
25974289 369123334
25974290 352346118
25974291 335568902
25974304 50356230
25974305 33579014
25974306 16801798
25974307 24582
25974320 251748358
25974321 234971142
25974322 218193926
25974323 201416710
25974336 184639494
25974337 167862278
25974338 151085062
25974339 134307846
25974352 453074950
25974353 436297734
25974354 419520518
25974355 402743302
25974368 125919238
25974369 109142022
25974370 92364806
25974371 75587590
25974384 58810374
25974385 42033158
25974386 25255942
25974387 8478726
25974400 58744838
25974401 41967622
25974402 25190406
25974403 8413190
25974416 461398022
25974417 444620806
25974418 427843590
25974419 411066374
25974432 318791686
25974433 302014470
25974434 285237254
25974435 268460038
25974448 520118278
25974449 503341062
25974450 486563846
25974451 469786630
25974464 184573958
25974465 167796742
25974466 151019526
25974467 134242310
25974480 453009414
25974481 436232198
25974482 419454982
25974483 402677766
25974496 327245830
25974497 310468614
25974498 293691398
25974499 276914182
25974512 327180294
25974513 310403078
25974514 293625862
25974515 276848646
25974528 394354694
25974529 377577478
25974530 360800262
25974531 344023046
25974544 394289158
25974545 377511942
25974546 360734726
25974547 343957510
25974560 251682822
25974561 234905606
25974562 218128390
25974563 201351174
25974576 318857222
25974577 302080006
25974578 285302790
25974579 268525574
25974592 520183814
25974593 503406598
25974594 486629382
25974595 469852166
25974608 469852166
25974609 469852166
25974610 469852166
25974611 469852166
25974624 469852166
25974625 469852166
25974626 469852166
25974627 469852166
25974640 469852166
25974641 469852166
25974642 469852166
25974643 469852166
25974656 469852166
25974657 469852166
25974658 469852166
25974659 469852166
25974672 469852166
25974673 469852166
25974674 469852166
25974675 469852166
25974688 469852166
25974689 469852166
25974690 469852166
25974691 469852166
25974704 469852166
25974705 469852166
25974706 469852166
25974707 469852166
25974720 469852166
25974721 469852166
25974722 469852166
25974723 469852166
25974736 469852166
25974737 469852166
25974738 469852166
25974739 469852166
25974752 469852166
25974753 469852166
25974754 469852166
25974755 469852166
25974768 469852166
25974769 469852166
25974770 469852166
25974771 469852166
25974784 469852166
25974785 469852166
25974786 469852166
25974787 469852166
25974800 469852166
25974801 469852166
25974802 469852166
25974803 469852166
25974816 469852166
25974817 469852166
25974818 469852166
25974819 469852166
25974832 469852166
25974833 469852166
25974834 469852166
25974835 469852166
25974848 469852166
25974849 469852166
25974850 469852166
25974851 469852166
25974864 469852166
25974865 469852166
25974866 469852166
25974867 469852166
25974880 469852166
25974881 469852166
25974882 469852166
25974883 469852166
25974896 469852166
25974897 469852166
25974898 469852166
25974899 469852166
25974912 469852166
25974913 469852166
25974914 469852166
25974915 469852166
25974928 469852166
25974929 469852166
25974930 469852166
25974931 469852166
25974944 469852166
25974945 469852166
25974946 469852166
25974947 469852166
25974960 469852166
25974961 469852166
25974962 469852166
25974963 469852166
25974976 469852166
25974977 469852166
25974978 469852166
25974979 469852166
25974992 469852166
25974993 469852166
25974994 469852166
25974995 469852166
25975008 469852166
25975009 469852166
25975010 469852166
25975011 469852166
25975024 469852166
25975025 469852166
25975026 469852166
25975027 469852166
25975040 469852166
25975041 469852166
25975042 469852166
25975043 469852166
25975056 469852166
25975057 469852166
25975058 469852166
25975059 469852166
25975072 469852166
25975073 469852166
25975074 469852166
25975075 469852166
25975088 469852166
25975089 469852166
25975090 469852166
25975091 469852166
25975104 469852166
25975105 469852166
25975106 469852166
25975107 469852166
25975120 469852166
25975121 469852166
25975122 469852166
25975123 469852166
25975136 469852166
25975137 469852166
25975138 469852166
25975139 469852166
25975152 469852166
25975153 469852166
25975154 469852166
25975155 469852166
25975168 469852166
25975169 469852166
25975170 469852166
25975171 469852166
25975184 469852166
25975185 469852166
25975186 469852166
25975187 469852166
25975200 469852166
25975201 469852166
25975202 469852166
25975203 469852166
25975216 469852166
25975217 469852166
25975218 469852166
25975219 469852166
25975232 469852166
25975233 469852166
25975234 469852166
25975235 469852166
25975248 469852166
25975249 469852166
25975250 469852166
25975251 469852166
25975264 469852166
25975265 469852166
25975266 469852166
25975267 469852166
25975280 469852166
25975281 469852166
25975282 469852166
25975283 469852166
25975296 469852166
25975297 469852166
25975298 469852166
25975299 469852166
25975312 469852166
25975313 469852166
25975314 469852166
25975315 469852166
25975328 469852166
25975329 469852166
25975330 469852166
25975331 469852166
25975344 469852166
25975345 469852166
25975346 469852166
25975347 469852166
25975360 469852166
25975361 469852166
25975362 469852166
25975363 469852166
25975376 469852166
25975377 469852166
25975378 469852166
25975379 469852166
25975392 469852166
25975393 469852166
25975394 469852166
25975395 469852166
25975408 469852166
25975409 469852166
25975410 469852166
25975411 469852166
25975424 469852166
25975425 469852166
25975426 469852166
25975427 469852166
25975440 469852166
25975441 469852166
25975442 469852166
25975443 469852166
25975456 469852166
25975457 469852166
25975458 469852166
25975459 469852166
25975472 469852166
25975473 469852166
25975474 469852166
25975475 469852166
25975488 469852166
25975489 469852166
25975490 469852166
25975491 469852166
25975504 469852166
25975505 469852166
25975506 469852166
25975507 469852166
25975520 469852166
25975521 469852166
25975522 469852166
25975523 469852166
25975536 469852166
25975537 469852166
25975538 469852166
25975539 469852166
25975552 469852166
25975553 469852166
25975554 469852166
25975555 469852166
25975568 469852166
25975569 469852166
25975570 469852166
25975571 469852166
25975584 469852166
25975585 469852166
25975586 469852166
25975587 469852166
25975600 469852166
25975601 469852166
25975602 469852166
25975603 469852166
25975616 469852166
25975617 469852166
25975618 469852166
25975619 469852166
25975632 469852166
25975633 469852166
25975634 469852166
25975635 469852166
25975648 469852166
25975649 469852166
25975650 469852166
25975651 469852166
25975664 469852166
25975665 469852166
25975666 469852166
25975667 469852166
25975680 469852166
25975681 469852166
25975682 469852166
25975683 469852166
25975696 469852166
25975697 469852166
25975698 469852166
25975699 469852166
25975712 469852166
25975713 469852166
25975714 469852166
25975715 469852166
25975728 469852166
25975729 469852166
25975730 469852166
25975731 469852166
25975744 469852166
25975745 469852166
25975746 469852166
25975747 469852166
25975760 469852166
25975761 469852166
25975762 469852166
25975763 469852166
25975776 469852166
25975777 469852166
25975778 469852166
25975779 469852166
25975792 469852166
25975793 469852166
25975794 469852166
25975795 469852166
25975808 469852166
25975809 469852166
25975810 469852166
25975811 469852166
25975824 469852166
25975825 469852166
25975826 469852166
25975827 469852166
25975840 469852166
25975841 469852166
25975842 469852166
25975843 469852166
25975856 469852166
25975857 469852166
25975858 469852166
25975859 469852166
25975872 469852166
25975873 469852166
25975874 469852166
25975875 469852166
25975888 469852166
25975889 469852166
25975890 469852166
25975891 469852166
25975904 469852166
25975905 469852166
25975906 469852166
25975907 469852166
25975920 469852166
25975921 469852166
25975922 469852166
25975923 469852166
25975936 469852166
25975937 469852166
25975938 469852166
25975939 469852166
25975952 469852166
25975953 469852166
25975954 469852166
25975955 469852166
25975968 469852166
25975969 469852166
25975970 469852166
25975971 469852166
25975984 469852166
25975985 469852166
25975986 469852166
25975987 469852166
25976000 469852166
25976001 469852166
25976002 469852166
25976003 469852166
25976016 469852166
25976017 469852166
25976018 469852166
25976019 469852166
25976032 469852166
25976033 469852166
25976034 469852166
25976035 469852166
25976048 469852166
25976049 469852166
25976050 469852166
25976051 469852166
25976064 469852166
25976065 469852166
25976066 469852166
25976067 469852166
25976080 469852166
25976081 469852166
25976082 469852166
25976083 469852166
25976096 469852166
25976097 469852166
25976098 469852166
25976099 469852166
25976112 469852166
25976113 469852166
25976114 469852166
25976115 469852166
25976128 469852166
25976129 469852166
25976130 469852166
25976131 469852166
25976144 469852166
25976145 469852166
25976146 469852166
25976147 469852166
25976160 469852166
25976161 469852166
25976162 469852166
25976163 469852166
25976176 469852166
25976177 469852166
25976178 469852166
25976179 469852166
25976192 469852166
25976193 469852166
25976194 469852166
25976195 469852166
25976208 469852166
25976209 469852166
25976210 469852166
25976211 469852166
25976224 469852166
25976225 469852166
25976226 469852166
25976227 469852166
25976240 469852166
25976241 469852166
25976242 469852166
25976243 469852166
25976256 469852166
25976257 469852166
25976258 469852166
25976259 469852166
25976272 469852166
25976273 469852166
25976274 469852166
25976275 469852166
25976288 469852166
25976289 469852166
25976290 469852166
25976291 469852166
25976304 469852166
25976305 469852166
25976306 469852166
25976307 469852166
25976320 469852166
25976321 469852166
25976322 469852166
25976323 469852166
25976336 469852166
25976337 469852166
25976338 469852166
25976339 469852166
25976352 469852166
25976353 469852166
25976354 469852166
25976355 469852166
25976368 469852166
25976369 469852166
25976370 469852166
25976371 469852166
25976384 469852166
25976385 469852166
25976386 469852166
25976387 469852166
25976400 469852166
25976401 469852166
25976402 469852166
25976403 469852166
25976416 469852166
25976417 469852166
25976418 469852166
25976419 469852166
25976432 469852166
25976433 469852166
25976434 469852166
25976435 469852166
25976448 469852166
25976449 469852166
25976450 469852166
25976451 469852166
25976464 469852166
25976465 469852166
25976466 469852166
25976467 469852166
25976480 469852166
25976481 469852166
25976482 469852166
25976483 469852166
25976496 469852166
25976497 469852166
25976498 469852166
25976499 469852166
25976512 469852166
25976513 469852166
25976514 469852166
25976515 469852166
25976528 469852166
25976529 469852166
25976530 469852166
25976531 469852166
25976544 469852166
25976545 469852166
25976546 469852166
25976547 469852166
25976560 469852166
25976561 469852166
25976562 469852166
25976563 469852166
26365952 469852166
26365953 469852166
26365954 469852166
26365955 469852166
26365968 469852166
26365969 469852166
26365970 469852166
26365971 16797702
26365984 16797702
26365985 16797702
26365986 16797702
26365987 50352134
26366000 50352134
26366001 50352134
26366002 50352134
26366003 16797702
26366016 16797702
26366017 16797702
26366018 16797702
26366019 16797702
26366032 16797702
26366033 16797702
26366034 16797702
26366035 16797702
26366048 16797702
26366049 16797702
26366050 16797702
26366051 16797702
26366064 16797702
26366065 16797702
26366066 16797702
26366067 20486
26366080 20486
26366081 20486
26366082 20486
26366083 20486
26366096 20486
26366097 20486
26366098 20486
26366099 20486
26366112 20486
26366113 20486
26366114 20486
26366115 20486
26366128 20486
26366129 20486
26366130 20486
26366131 20486
26366144 20486
26366145 20486
26366146 20486
26366147 20486
26366160 20486
26366161 20486
26366162 20486
26366163 20486
26366176 20486
26366177 20486
26366178 20486
26366179 20486
26366192 20486
26366193 20486
26366194 20486
26366195 20486
26366208 20486
26366209 20486
26366210 20486
26366211 20486
26366224 20486
26366225 20486
26366226 20486
26366227 20486
26366240 20486
26366241 20486
26366242 20486
26366243 33574918
26366256 33574918
26366257 33574918
26366258 33574918
26366259 33574918
26366272 33574918
26366273 33574918
26366274 33574918
26366275 33574918
26366288 33574918
26366289 33574918
26366290 33574918
26366291 33574918
26366304 33574918
26366305 33574918
26366306 33574918
26366307 33574918
26366320 33574918
26366321 33574918
26366322 33574918
26366323 50352134
26366336 50352134
26366337 50352134
26366338 50352134
26366339 20486
26366352 20486
26366353 20486
26366354 20486
26366355 50352134
26366368 50352134
26366369 50352134
26366370 50352134
26366371 50352134
26366384 50352134
26366385 50352134
26366386 50352134
26366387 50352134
26366400 50352134
26366401 50352134
26366402 50352134
26366403 50352134
26366416 50352134
26366417 50352134
26366418 50352134
26366419 50352134
26366432 50352134
26366433 50352134
26366434 50352134
26366435 50352134
26366448 50352134
26366449 50352134
26366450 50352134
26366451 33574918
26366464 33574918
26366465 33574918
26366466 33574918
26366467 33574918
26366480 33574918
26366481 33574918
26366482 33574918
26366483 33574918
26366496 33574918
26366497 33574918
26366498 33574918
26366499 33574918
26366512 33574918
26366513 33574918
26366514 33574918
26366515 33574918
26366528 33574918
26366529 33574918
26366530 33574918
26366531 33574918
26366544 33574918
26366545 33574918
26366546 33574918
26366547 16797702
26366560 16797702
26366561 16797702
26366562 16797702
26366563 16797702
26366576 16797702
26366577 16797702
26366578 16797702
26366579 16797702
26366592 16797702
26366593 16797702
26366594 16797702
26366595 16797702
26366608 16797702
26366609 16797702
26366610 16797702
26366611 16797702
26366624 16797702
26366625 16797702
26366626 16797702
26366627 16797702
26366640 16797702
26366641 16797702
26366642 16797702
26366643 16797702
26366656 16797702
26366657 16797702
26366658 16797702
26366659 16797702
26366672 16797702
26366673 16797702
26366674 16797702
26366675 16797702
26366688 16797702
26366689 16797702
26366690 16797702
26366691 16797702
26366704 16797702
26366705 16797702
26366706 16797702
26366707 16797702
26366720 16797702
26366721 16797702
26366722 16797702
26366723 16797702
26366736 16797702
26366737 16797702
26366738 16797702
26366739 16797702
26366752 16797702
26366753 16797702
26366754 16797702
26366755 16797702
26366768 16797702
26366769 16797702
26366770 16797702
26366771 16797702
26366784 16797702
26366785 16797702
26366786 16797702
26366787 16797702
26366800 16797702
26366801 16797702
26366802 16797702
26366803 16797702
26366816 16797702
26366817 16797702
26366818 16797702
26366819 16797702
26366832 16797702
26366833 16797702
26366834 16797702
26366835 16797702
26366848 16797702
26366849 16797702
26366850 16797702
26366851 16797702
26366864 16797702
26366865 16797702
26366866 16797702
26366867 16797702
26366880 16797702
26366881 16797702
26366882 16797702
26366883 16797702
26366896 16797702
26366897 16797702
26366898 16797702
26366899 16797702
26366912 16797702
26366913 16797702
26366914 16797702
26366915 16797702
26366928 16797702
26366929 16797702
26366930 16797702
26366931 16797702
26366944 16797702
26366945 16797702
26366946 16797702
26366947 16797702
26366960 16797702
26366961 16797702
26366962 16797702
26366963 16797702
26366976 16797702
26366977 16797702
26366978 16797702
26366979 16797702
26366992 16797702
26366993 16797702
26366994 16797702
26366995 16797702
26367008 16797702
26367009 16797702
26367010 16797702
26367011 16797702
26367024 16797702
26367025 16797702
26367026 16797702
26367027 16797702
26367040 16797702
26367041 16797702
26367042 16797702
26367043 16797702
26367056 16797702
26367057 16797702
26367058 16797702
26367059 16797702
26367072 16797702
26367073 16797702
26367074 16797702
26367075 16797702
26367088 16797702
26367089 16797702
26367090 16797702
26367091 16797702
26367104 16797702
26367105 16797702
26367106 16797702
26367107 16797702
26367120 16797702
26367121 16797702
26367122 16797702
26367123 16797702
26367136 16797702
26367137 16797702
26367138 16797702
26367139 16797702
26367152 16797702
26367153 16797702
26367154 16797702
26367155 16797702
26367168 16797702
26367169 16797702
26367170 16797702
26367171 16797702
26367184 16797702
26367185 16797702
26367186 16797702
26367187 16797702
26367200 16797702
26367201 16797702
26367202 16797702
26367203 16797702
26367216 16797702
26367217 16797702
26367218 16797702
26367219 16797702
26367232 16797702
26367233 16797702
26367234 16797702
26367235 16797702
26367248 16797702
26367249 16797702
26367250 16797702
26367251 16797702
26367264 16797702
26367265 16797702
26367266 16797702
26367267 16797702
26367280 16797702
26367281 16797702
26367282 16797702
26367283 16797702
26367296 16797702
26367297 16797702
26367298 16797702
26367299 16797702
26367312 16797702
26367313 16797702
26367314 16797702
26367315 16797702
26367328 16797702
26367329 16797702
26367330 16797702
26367331 16797702
26367344 16797702
26367345 16797702
26367346 16797702
26367347 16797702
26367360 16797702
26367361 16797702
26367362 16797702
26367363 16797702
26367376 16797702
26367377 16797702
26367378 16797702
26367379 16797702
26367392 16797702
26367393 16797702
26367394 16797702
26367395 16797702
26367408 16797702
26367409 16797702
26367410 16797702
26367411 16797702
26367424 16797702
26367425 16797702
26367426 16797702
26367427 16797702
26367440 16797702
26367441 16797702
26367442 16797702
26367443 16797702
26367456 16797702
26367457 16797702
26367458 16797702
26367459 16797702
26367472 16797702
26367473 16797702
26367474 16797702
26367475 16797702
26367488 16797702
26367489 16797702
26367490 16797702
26367491 16797702
26367504 16797702
26367505 16797702
26367506 16797702
26367507 16797702
26367520 16797702
26367521 16797702
26367522 16797702
26367523 16797702
26367536 16797702
26367537 16797702
26367538 16797702
26367539 16797702
26367552 16797702
26367553 16797702
26367554 16797702
26367555 16797702
26367568 16797702
26367569 16797702
26367570 16797702
26367571 16797702
26367584 16797702
26367585 16797702
26367586 16797702
26367587 16797702
26367600 16797702
26367601 16797702
26367602 16797702
26367603 16797702
26367616 16797702
26367617 16797702
26367618 16797702
26367619 16797702
26367632 16797702
26367633 16797702
26367634 16797702
26367635 16797702
26367648 16797702
26367649 16797702
26367650 16797702
26367651 16797702
26367664 16797702
26367665 16797702
26367666 16797702
26367667 16797702
26367680 16797702
26367681 16797702
26367682 16797702
26367683 16797702
26367696 16797702
26367697 16797702
26367698 16797702
26367699 16797702
26367712 16797702
26367713 16797702
26367714 16797702
26367715 16797702
26367728 16797702
26367729 16797702
26367730 16797702
26367731 16797702
26367744 16797702
26367745 16797702
26367746 16797702
26367747 16797702
26367760 16797702
26367761 16797702
26367762 16797702
26367763 16797702
26367776 16797702
26367777 16797702
26367778 16797702
26367779 16797702
26367792 16797702
26367793 16797702
26367794 16797702
26367795 16797702
26367808 16797702
26367809 16797702
26367810 16797702
26367811 16797702
26367824 16797702
26367825 16797702
26367826 16797702
26367827 16797702
26367840 16797702
26367841 16797702
26367842 16797702
26367843 16797702
26367856 16797702
26367857 16797702
26367858 16797702
26367859 16797702
26367872 16797702
26367873 16797702
26367874 16797702
26367875 16797702
26367888 16797702
26367889 16797702
26367890 16797702
26367891 16797702
26367904 16797702
26367905 16797702
26367906 16797702
26367907 16797702
26367920 16797702
26367921 16797702
26367922 16797702
26367923 16797702
26367936 16797702
26367937 16797702
26367938 16797702
26367939 16797702
26367952 16797702
26367953 16797702
26367954 16797702
26367955 16797702
26367968 16797702
26367969 16797702
26367970 16797702
26367971 16797702
26367984 16797702
26367985 16797702
26367986 16797702
26367987 16797702
26368000 16797702
26368001 16797702
26368002 16797702
26368003 16797702
26368016 16797702
26368017 16797702
26368018 16797702
26368019 16797702
26368032 16797702
26368033 16797702
26368034 16797702
26368035 16797702
26368048 16797702
26368049 16797702
26368050 16797702
26368051 16797702
26368064 16797702
26368065 16797702
26368066 16797702
26368067 16797702
26368080 16797702
26368081 16797702
26368082 16797702
26368083 16797702
26368096 16797702
26368097 16797702
26368098 16797702
26368099 16797702
26368112 16797702
26368113 16797702
26368114 16797702
26368115 16797702
26368128 16797702
26368129 16797702
26368130 16797702
26368131 16797702
26368144 16797702
26368145 16797702
26368146 16797702
26368147 16797702
26368160 16797702
26368161 16797702
26368162 16797702
26368163 16797702
26368176 16797702
26368177 16797702
26368178 16797702
26368179 16797702
26368192 16797702
26368193 16797702
26368194 16797702
26368195 16797702
26368208 16797702
26368209 16797702
26368210 16797702
26368211 16797702
26368224 16797702
26368225 16797702
26368226 16797702
26368227 16797702
26368240 16797702
26368241 16797702
26368242 16797702
26368243 16797702
26368256 16797702
26368257 16797702
26368258 16797702
26368259 16797702
26368272 16797702
26368273 16797702
26368274 16797702
26368275 16797702
26368288 16797702
26368289 16797702
26368290 16797702
26368291 16797702
26368304 16797702
26368305 16797702
26368306 16797702
26368307 16797702
26368320 16797702
26368321 16797702
26368322 16797702
26368323 16797702
26368336 16797702
26368337 16797702
26368338 16797702
26368339 16797702
26368352 16797702
26368353 16797702
26368354 16797702
26368355 16797702
26368368 16797702
26368369 16797702
26368370 16797702
26368371 16797702
26368384 16797702
26368385 16797702
26368386 16797702
26368387 16797702
26368400 16797702
26368401 16797702
26368402 16797702
26368403 16797702
26368416 16797702
26368417 16797702
26368418 16797702
26368419 16797702
26368432 16797702
26368433 16797702
26368434 16797702
26368435 16797702
26368448 16797702
26368449 16797702
26368450 16797702
26368451 16797702
26368464 16797702
26368465 16797702
26368466 16797702
26368467 16797702
26368480 16797702
26368481 16797702
26368482 16797702
26368483 16797702
26368496 16797702
26368497 16797702
26368498 16797702
26368499 16797702
26368512 16797702
26368513 16797702
26368514 16797702
26368515 16797702
26368528 16797702
26368529 16797702
26368530 16797702
26368531 16797702
26368544 16797702
26368545 16797702
26368546 16797702
26368547 16797702
26368560 16797702
26368561 16797702
26368562 16797702
26368563 16797702
26368576 16797702
26368577 16797702
26368578 16797702
26368579 16797702
26368592 16797702
26368593 16797702
26368594 16797702
26368595 16797702
26368608 16797702
26368609 16797702
26368610 16797702
26368611 16797702
26368624 16797702
26368625 16797702
26368626 16797702
26368627 16797702
26368640 16797702
26368641 16797702
26368642 16797702
26368643 16797702
26368656 16797702
26368657 16797702
26368658 16797702
26368659 16797702
26368672 16797702
26368673 16797702
26368674 16797702
26368675 16797702
26368688 16797702
26368689 16797702
26368690 16797702
26368691 16797702
26368704 16797702
26368705 16797702
26368706 16797702
26368707 16797702
26368720 16797702
26368721 16797702
26368722 16797702
26368723 16797702
26368736 16797702
26368737 16797702
26368738 16797702
26368739 16797702
26368752 16797702
26368753 16797702
26368754 16797702
26368755 16797702
26368768 16797702
26368769 16797702
26368770 16797702
26368771 16797702
26368784 16797702
26368785 16797702
26368786 16797702
26368787 16797702
26368800 16797702
26368801 16797702
26368802 16797702
26368803 16797702
26368816 16797702
26368817 16797702
26368818 16797702
26368819 16797702
26368832 16797702
26368833 16797702
26368834 16797702
26368835 16797702
26368848 16797702
26368849 16797702
26368850 16797702
26368851 16797702
26368864 16797702
26368865 16797702
26368866 16797702
26368867 16797702
26368880 16797702
26368881 16797702
26368882 16797702
26368883 16797702
26368896 16797702
26368897 16797702
26368898 16797702
26368899 16797702
26368912 16797702
26368913 16797702
26368914 16797702
26368915 16797702
26368928 16797702
26368929 16797702
26368930 16797702
26368931 16797702
26368944 16797702
26368945 16797702
26368946 16797702
26368947 16797702
26368960 16797702
26368961 16797702
26368962 16797702
26368963 16797702
26368976 16797702
26368977 16797702
26368978 16797702
26368979 16797702
26368992 16797702
26368993 16797702
26368994 16797702
26368995 16797702
26369008 16797702
26369009 16797702
26369010 16797702
26369011 16797702
26369024 16797702
26369025 16797702
26369026 16797702
26369027 16797702
26369040 16797702
26369041 16797702
26369042 16797702
26369043 16797702
26369056 16797702
26369057 16797702
26369058 16797702
26369059 16797702
26369072 16797702
26369073 16797702
26369074 16797702
26369075 16797702
26369088 16797702
26369089 16797702
26369090 16797702
26369091 16797702
26369104 16797702
26369105 16797702
26369106 16797702
26369107 16797702
26369120 16797702
26369121 16797702
26369122 16797702
26369123 16797702
26369136 16797702
26369137 16797702
26369138 16797702
26369139 16797702
26369152 16797702
26369153 16797702
26369154 16797702
26369155 16797702
26369168 16797702
26369169 16797702
26369170 16797702
26369171 16797702
26369184 16797702
26369185 16797702
26369186 16797702
26369187 16797702
26369200 16797702
26369201 16797702
26369202 16797702
26369203 16797702
26369216 16797702
26369217 16797702
26369218 16797702
26369219 16797702
26369232 16797702
26369233 16797702
26369234 16797702
26369235 16797702
26369248 16797702
26369249 16797702
26369250 16797702
26369251 16797702
26369264 16797702
26369265 16797702
26369266 16797702
26369267 16797702
26369280 16797702
26369281 16797702
26369282 16797702
26369283 16797702
26369296 16797702
26369297 16797702
26369298 16797702
26369299 16797702
26369312 16797702
26369313 16797702
26369314 16797702
26369315 16797702
26369328 16797702
26369329 16797702
26369330 16797702
26369331 16797702
26369344 16797702
26369345 16797702
26369346 16797702
26369347 16797702
26369360 16797702
26369361 16797702
26369362 16797702
26369363 16797702
26369376 16797702
26369377 16797702
26369378 16797702
26369379 16797702
26369392 16797702
26369393 16797702
26369394 16797702
26369395 16797702
26369408 16797702
26369409 16797702
26369410 16797702
26369411 16797702
26369424 16797702
26369425 16797702
26369426 16797702
26369427 16797702
26369440 16797702
26369441 16797702
26369442 16797702
26369443 16797702
26369456 16797702
26369457 16797702
26369458 16797702
26369459 16797702
26369472 16797702
26369473 16797702
26369474 16797702
26369475 16797702
26369488 16797702
26369489 16797702
26369490 16797702
26369491 16797702
26369504 16797702
26369505 16797702
26369506 16797702
26369507 16797702
26369520 16797702
26369521 16797702
26369522 16797702
26369523 16797702
26369536 16797702
26369537 16797702
26369538 16797702
26369539 16797702
26369552 16797702
26369553 16797702
26369554 16797702
26369555 16797702
26369568 16797702
26369569 16797702
26369570 16797702
26369571 16797702
26369584 16797702
26369585 16797702
26369586 16797702
26369587 16797702
26369600 16797702
26369601 16797702
26369602 16797702
26369603 16797702
26369616 16797702
26369617 16797702
26369618 16797702
26369619 16797702
26369632 16797702
26369633 16797702
26369634 16797702
26369635 16797702
26369648 16797702
26369649 16797702
26369650 16797702
26369651 16797702
26369664 16797702
26369665 16797702
26369666 16797702
26369667 16797702
26369680 16797702
26369681 16797702
26369682 16797702
26369683 16797702
26369696 16797702
26369697 16797702
26369698 16797702
26369699 16797702
26369712 16797702
26369713 16797702
26369714 16797702
26369715 16797702
26369728 16797702
26369729 16797702
26369730 16797702
26369731 16797702
26369744 16797702
26369745 16797702
26369746 16797702
26369747 16797702
26369760 16797702
26369761 16797702
26369762 16797702
26369763 16797702
26369776 16797702
26369777 16797702
26369778 16797702
26369779 16797702
26738688 16797702
26738689 16797702
26738690 16797702
26738691 16797702
26738704 16797702
26738705 16797702
26738706 16797702
26738707 83906566
26738720 83906566
26738721 83906566
26738722 83906566
26738723 117460998
26738736 117460998
26738737 117460998
26738738 117460998
26738739 83906566
26738752 83906566
26738753 83906566
26738754 83906566
26738755 83906566
26738768 83906566
26738769 83906566
26738770 83906566
26738771 83906566
26738784 83906566
26738785 83906566
26738786 83906566
26738787 83906566
26738800 83906566
26738801 83906566
26738802 83906566
26738803 67129350
26738816 67129350
26738817 67129350
26738818 67129350
26738819 67129350
26738832 67129350
26738833 67129350
26738834 67129350
26738835 67129350
26738848 67129350
26738849 67129350
26738850 67129350
26738851 67129350
26738864 67129350
26738865 67129350
26738866 67129350
26738867 67129350
26738880 67129350
26738881 67129350
26738882 67129350
26738883 67129350
26738896 67129350
26738897 67129350
26738898 67129350
26738899 67129350
26738912 67129350
26738913 67129350
26738914 67129350
26738915 67129350
26738928 67129350
26738929 67129350
26738930 67129350
26738931 67129350
26738944 67129350
26738945 67129350
26738946 67129350
26738947 67129350
26738960 67129350
26738961 67129350
26738962 67129350
26738963 67129350
26738976 67129350
26738977 67129350
26738978 67129350
26738979 100683782
26738992 100683782
26738993 100683782
26738994 100683782
26738995 100683782
26739008 100683782
26739009 100683782
26739010 100683782
26739011 100683782
26739024 100683782
26739025 100683782
26739026 100683782
26739027 100683782
26739040 100683782
26739041 100683782
26739042 100683782
26739043 100683782
26739056 100683782
26739057 100683782
26739058 100683782
26739059 117460998
26739072 117460998
26739073 117460998
26739074 117460998
26739075 67129350
26739088 67129350
26739089 67129350
26739090 67129350
26739091 117460998
26739104 117460998
26739105 117460998
26739106 117460998
26739107 117460998
26739120 117460998
26739121 117460998
26739122 117460998
26739123 117460998
26739136 117460998
26739137 117460998
26739138 117460998
26739139 117460998
26739152 117460998
26739153 117460998
26739154 117460998
26739155 117460998
26739168 117460998
26739169 117460998
26739170 117460998
26739171 117460998
26739184 117460998
26739185 117460998
26739186 117460998
26739187 100683782
26739200 100683782
26739201 100683782
26739202 100683782
26739203 100683782
26739216 100683782
26739217 100683782
26739218 100683782
26739219 100683782
26739232 100683782
26739233 100683782
26739234 100683782
26739235 100683782
26739248 100683782
26739249 100683782
26739250 100683782
26739251 100683782
26739264 100683782
26739265 100683782
26739266 100683782
26739267 100683782
26739280 100683782
26739281 100683782
26739282 100683782
26739283 83906566
26739296 83906566
26739297 83906566
26739298 83906566
26739299 83906566
26739312 83906566
26739313 83906566
26739314 83906566
26739315 83906566
26739328 83906566
26739329 83906566
26739330 83906566
26739331 83906566
26739344 83906566
26739345 83906566
26739346 83906566
26739347 83906566
26739360 83906566
26739361 83906566
26739362 83906566
26739363 83906566
26739376 83906566
26739377 83906566
26739378 83906566
26739379 83906566
26739392 83906566
26739393 83906566
26739394 83906566
26739395 83906566
26739408 83906566
26739409 83906566
26739410 83906566
26739411 83906566
26739424 83906566
26739425 83906566
26739426 83906566
26739427 83906566
26739440 83906566
26739441 83906566
26739442 83906566
26739443 83906566
26739456 83906566
26739457 83906566
26739458 83906566
26739459 83906566
26739472 83906566
26739473 83906566
26739474 83906566
26739475 83906566
26739488 83906566
26739489 83906566
26739490 83906566
26739491 83906566
26739504 83906566
26739505 83906566
26739506 83906566
26739507 83906566
26739520 83906566
26739521 83906566
26739522 83906566
26739523 83906566
26739536 83906566
26739537 83906566
26739538 83906566
26739539 83906566
26739552 83906566
26739553 83906566
26739554 83906566
26739555 83906566
26739568 83906566
26739569 83906566
26739570 83906566
26739571 83906566
26739584 83906566
26739585 83906566
26739586 83906566
26739587 83906566
26739600 83906566
26739601 83906566
26739602 83906566
26739603 83906566
26739616 83906566
26739617 83906566
26739618 83906566
26739619 83906566
26739632 83906566
26739633 83906566
26739634 83906566
26739635 83906566
26739648 83906566
26739649 83906566
26739650 83906566
26739651 83906566
26739664 83906566
26739665 83906566
26739666 83906566
26739667 83906566
26739680 83906566
26739681 83906566
26739682 83906566
26739683 83906566
26739696 83906566
26739697 83906566
26739698 83906566
26739699 83906566
26739712 83906566
26739713 83906566
26739714 83906566
26739715 83906566
26739728 83906566
26739729 83906566
26739730 83906566
26739731 83906566
26739744 83906566
26739745 83906566
26739746 83906566
26739747 83906566
26739760 83906566
26739761 83906566
26739762 83906566
26739763 83906566
26739776 83906566
26739777 83906566
26739778 83906566
26739779 83906566
26739792 83906566
26739793 83906566
26739794 83906566
26739795 83906566
26739808 83906566
26739809 83906566
26739810 83906566
26739811 83906566
26739824 83906566
26739825 83906566
26739826 83906566
26739827 83906566
26739840 83906566
26739841 83906566
26739842 83906566
26739843 83906566
26739856 83906566
26739857 83906566
26739858 83906566
26739859 83906566
26739872 83906566
26739873 83906566
26739874 83906566
26739875 83906566
26739888 83906566
26739889 83906566
26739890 83906566
26739891 83906566
26739904 83906566
26739905 83906566
26739906 83906566
26739907 83906566
26739920 83906566
26739921 83906566
26739922 83906566
26739923 83906566
26739936 83906566
26739937 83906566
26739938 83906566
26739939 83906566
26739952 83906566
26739953 83906566
26739954 83906566
26739955 83906566
26739968 83906566
26739969 83906566
26739970 83906566
26739971 83906566
26739984 83906566
26739985 83906566
26739986 83906566
26739987 83906566
26740000 83906566
26740001 83906566
26740002 83906566
26740003 83906566
26740016 83906566
26740017 83906566
26740018 83906566
26740019 83906566
26740032 83906566
26740033 83906566
26740034 83906566
26740035 83906566
26740048 83906566
26740049 83906566
26740050 83906566
26740051 83906566
26740064 83906566
26740065 83906566
26740066 83906566
26740067 83906566
26740080 83906566
26740081 83906566
26740082 83906566
26740083 83906566
26740096 83906566
26740097 83906566
26740098 83906566
26740099 83906566
26740112 83906566
26740113 83906566
26740114 83906566
26740115 83906566
26740128 83906566
26740129 83906566
26740130 83906566
26740131 83906566
26740144 83906566
26740145 83906566
26740146 83906566
26740147 83906566
26740160 83906566
26740161 83906566
26740162 83906566
26740163 83906566
26740176 83906566
26740177 83906566
26740178 83906566
26740179 83906566
26740192 83906566
26740193 83906566
26740194 83906566
26740195 83906566
26740208 83906566
26740209 83906566
26740210 83906566
26740211 83906566
26740224 83906566
26740225 83906566
26740226 83906566
26740227 83906566
26740240 83906566
26740241 83906566
26740242 83906566
26740243 83906566
26740256 83906566
26740257 83906566
26740258 83906566
26740259 83906566
26740272 83906566
26740273 83906566
26740274 83906566
26740275 83906566
26740288 83906566
26740289 83906566
26740290 83906566
26740291 83906566
26740304 83906566
26740305 83906566
26740306 83906566
26740307 83906566
26740320 83906566
26740321 83906566
26740322 83906566
26740323 83906566
26740336 83906566
26740337 83906566
26740338 83906566
26740339 83906566
26740352 83906566
26740353 83906566
26740354 83906566
26740355 83906566
26740368 83906566
26740369 83906566
26740370 83906566
26740371 83906566
26740384 83906566
26740385 83906566
26740386 83906566
26740387 83906566
26740400 83906566
26740401 83906566
26740402 83906566
26740403 83906566
26740416 83906566
26740417 83906566
26740418 83906566
26740419 83906566
26740432 83906566
26740433 83906566
26740434 83906566
26740435 83906566
26740448 83906566
26740449 83906566
26740450 83906566
26740451 83906566
26740464 83906566
26740465 83906566
26740466 83906566
26740467 83906566
26740480 83906566
26740481 83906566
26740482 83906566
26740483 83906566
26740496 83906566
26740497 83906566
26740498 83906566
26740499 83906566
26740512 83906566
26740513 83906566
26740514 83906566
26740515 83906566
26740528 83906566
26740529 83906566
26740530 83906566
26740531 83906566
26740544 83906566
26740545 83906566
26740546 83906566
26740547 83906566
26740560 83906566
26740561 83906566
26740562 83906566
26740563 83906566
26740576 83906566
26740577 83906566
26740578 83906566
26740579 83906566
26740592 83906566
26740593 83906566
26740594 83906566
26740595 83906566
26740608 83906566
26740609 83906566
26740610 83906566
26740611 83906566
26740624 83906566
26740625 83906566
26740626 83906566
26740627 83906566
26740640 83906566
26740641 83906566
26740642 83906566
26740643 83906566
26740656 83906566
26740657 83906566
26740658 83906566
26740659 83906566
26740672 83906566
26740673 83906566
26740674 83906566
26740675 83906566
26740688 83906566
26740689 83906566
26740690 83906566
26740691 83906566
26740704 83906566
26740705 83906566
26740706 83906566
26740707 83906566
26740720 83906566
26740721 83906566
26740722 83906566
26740723 83906566
26740736 83906566
26740737 83906566
26740738 83906566
26740739 83906566
26740752 83906566
26740753 83906566
26740754 83906566
26740755 83906566
26740768 83906566
26740769 83906566
26740770 83906566
26740771 83906566
26740784 83906566
26740785 83906566
26740786 83906566
26740787 83906566
26740800 83906566
26740801 83906566
26740802 83906566
26740803 83906566
26740816 83906566
26740817 83906566
26740818 83906566
26740819 83906566
26740832 83906566
26740833 83906566
26740834 83906566
26740835 83906566
26740848 83906566
26740849 83906566
26740850 83906566
26740851 83906566
26740864 83906566
26740865 83906566
26740866 83906566
26740867 83906566
26740880 83906566
26740881 83906566
26740882 83906566
26740883 83906566
26740896 83906566
26740897 83906566
26740898 83906566
26740899 83906566
26740912 83906566
26740913 83906566
26740914 83906566
26740915 83906566
26740928 83906566
26740929 83906566
26740930 83906566
26740931 83906566
26740944 83906566
26740945 83906566
26740946 83906566
26740947 83906566
26740960 83906566
26740961 83906566
26740962 83906566
26740963 83906566
26740976 83906566
26740977 83906566
26740978 83906566
26740979 83906566
26740992 83906566
26740993 83906566
26740994 83906566
26740995 83906566
26741008 83906566
26741009 83906566
26741010 83906566
26741011 83906566
26741024 83906566
26741025 83906566
26741026 83906566
26741027 83906566
26741040 83906566
26741041 83906566
26741042 83906566
26741043 83906566
26741056 83906566
26741057 83906566
26741058 83906566
26741059 83906566
26741072 83906566
26741073 83906566
26741074 83906566
26741075 83906566
26741088 83906566
26741089 83906566
26741090 83906566
26741091 83906566
26741104 83906566
26741105 83906566
26741106 83906566
26741107 83906566
26741120 83906566
26741121 83906566
26741122 83906566
26741123 83906566
26741136 83906566
26741137 83906566
26741138 83906566
26741139 83906566
26741152 83906566
26741153 83906566
26741154 83906566
26741155 83906566
26741168 83906566
26741169 83906566
26741170 83906566
26741171 83906566
26741184 83906566
26741185 83906566
26741186 83906566
26741187 83906566
26741200 83906566
26741201 83906566
26741202 83906566
26741203 83906566
26741216 83906566
26741217 83906566
26741218 83906566
26741219 83906566
26741232 83906566
26741233 83906566
26741234 83906566
26741235 83906566
26741248 83906566
26741249 83906566
26741250 83906566
26741251 83906566
26741264 83906566
26741265 83906566
26741266 83906566
26741267 83906566
26741280 83906566
26741281 83906566
26741282 83906566
26741283 83906566
26741296 83906566
26741297 83906566
26741298 83906566
26741299 83906566
26741312 83906566
26741313 83906566
26741314 83906566
26741315 83906566
26741328 83906566
26741329 83906566
26741330 83906566
26741331 83906566
26741344 83906566
26741345 83906566
26741346 83906566
26741347 83906566
26741360 83906566
26741361 83906566
26741362 83906566
26741363 83906566
26741376 83906566
26741377 83906566
26741378 83906566
26741379 83906566
26741392 83906566
26741393 83906566
26741394 83906566
26741395 83906566
26741408 83906566
26741409 83906566
26741410 83906566
26741411 83906566
26741424 83906566
26741425 83906566
26741426 83906566
26741427 83906566
26741440 83906566
26741441 83906566
26741442 83906566
26741443 83906566
26741456 83906566
26741457 83906566
26741458 83906566
26741459 83906566
26741472 83906566
26741473 83906566
26741474 83906566
26741475 83906566
26741488 83906566
26741489 83906566
26741490 83906566
26741491 83906566
26741504 83906566
26741505 83906566
26741506 83906566
26741507 83906566
26741520 83906566
26741521 83906566
26741522 83906566
26741523 83906566
26741536 83906566
26741537 83906566
26741538 83906566
26741539 83906566
26741552 83906566
26741553 83906566
26741554 83906566
26741555 83906566
26741568 83906566
26741569 83906566
26741570 83906566
26741571 83906566
26741584 83906566
26741585 83906566
26741586 83906566
26741587 83906566
26741600 83906566
26741601 83906566
26741602 83906566
26741603 83906566
26741616 83906566
26741617 83906566
26741618 83906566
26741619 83906566
26741632 83906566
26741633 83906566
26741634 83906566
26741635 83906566
26741648 83906566
26741649 83906566
26741650 83906566
26741651 83906566
26741664 83906566
26741665 83906566
26741666 83906566
26741667 83906566
26741680 83906566
26741681 83906566
26741682 83906566
26741683 83906566
26741696 83906566
26741697 83906566
26741698 83906566
26741699 83906566
26741712 83906566
26741713 83906566
26741714 83906566
26741715 83906566
26741728 83906566
26741729 83906566
26741730 83906566
26741731 83906566
26741744 83906566
26741745 83906566
26741746 83906566
26741747 83906566
26741760 83906566
26741761 83906566
26741762 83906566
26741763 83906566
26741776 83906566
26741777 83906566
26741778 83906566
26741779 83906566
26741792 83906566
26741793 83906566
26741794 83906566
26741795 83906566
26741808 83906566
26741809 83906566
26741810 83906566
26741811 83906566
26741824 83906566
26741825 83906566
26741826 83906566
26741827 83906566
26741840 83906566
26741841 83906566
26741842 83906566
26741843 83906566
26741856 83906566
26741857 83906566
26741858 83906566
26741859 83906566
26741872 83906566
26741873 83906566
26741874 83906566
26741875 83906566
26741888 83906566
26741889 83906566
26741890 83906566
26741891 83906566
26741904 83906566
26741905 83906566
26741906 83906566
26741907 83906566
26741920 83906566
26741921 83906566
26741922 83906566
26741923 83906566
26741936 83906566
26741937 83906566
26741938 83906566
26741939 83906566
26741952 83906566
26741953 83906566
26741954 83906566
26741955 83906566
26741968 83906566
26741969 83906566
26741970 83906566
26741971 83906566
26741984 83906566
26741985 83906566
26741986 83906566
26741987 83906566
26742000 83906566
26742001 83906566
26742002 83906566
26742003 83906566
26742016 83906566
26742017 83906566
26742018 83906566
26742019 83906566
26742032 83906566
26742033 83906566
26742034 83906566
26742035 83906566
26742048 83906566
26742049 83906566
26742050 83906566
26742051 83906566
26742064 83906566
26742065 83906566
26742066 83906566
26742067 83906566
26742080 83906566
26742081 83906566
26742082 83906566
26742083 83906566
26742096 83906566
26742097 83906566
26742098 83906566
26742099 83906566
26742112 83906566
26742113 83906566
26742114 83906566
26742115 83906566
26742128 83906566
26742129 83906566
26742130 83906566
26742131 83906566
26742144 83906566
26742145 83906566
26742146 83906566
26742147 83906566
26742160 83906566
26742161 83906566
26742162 83906566
26742163 83906566
26742176 83906566
26742177 83906566
26742178 83906566
26742179 83906566
26742192 83906566
26742193 83906566
26742194 83906566
26742195 83906566
26742208 83906566
26742209 83906566
26742210 83906566
26742211 83906566
26742224 83906566
26742225 83906566
26742226 83906566
26742227 83906566
26742240 83906566
26742241 83906566
26742242 83906566
26742243 83906566
26742256 83906566
26742257 83906566
26742258 83906566
26742259 83906566
26742272 83906566
26742273 83906566
26742274 83906566
26742275 83906566
26742288 83906566
26742289 83906566
26742290 83906566
26742291 83906566
26742304 83906566
26742305 83906566
26742306 83906566
26742307 83906566
26742320 83906566
26742321 83906566
26742322 83906566
26742323 83906566
26742336 83906566
26742337 83906566
26742338 83906566
26742339 83906566
26742352 83906566
26742353 83906566
26742354 83906566
26742355 83906566
26742368 83906566
26742369 83906566
26742370 83906566
26742371 83906566
26742384 83906566
26742385 83906566
26742386 83906566
26742387 83906566
26742400 83906566
26742401 83906566
26742402 83906566
26742403 83906566
26742416 83906566
26742417 83906566
26742418 83906566
26742419 83906566
26742432 83906566
26742433 83906566
26742434 83906566
26742435 83906566
26742448 83906566
26742449 83906566
26742450 83906566
26742451 83906566
26742464 83906566
26742465 83906566
26742466 83906566
26742467 83906566
26742480 83906566
26742481 83906566
26742482 83906566
26742483 83906566
26742496 83906566
26742497 83906566
26742498 83906566
26742499 83906566
26742512 83906566
26742513 83906566
26742514 83906566
26742515 83906566
